12.736598646980593047648698544525663244952665424415537552593675872561281210809352544048350403884403933015730346790016723609505129296125835300394362037	5.99622772418180780932528445966476784803220503655521151374725702943163156918698e-8	0.000010102970196158526273908263198335218314850134472110077140833260319695464011	-8.88781291075947295759388637739633311154324204101869829836385053326871436276314e-6	0.00041319578518691400982063729291248426094874298532739824235019300517453790359
10.598259584060849204889259570386672328418210714712970986351231108708262230639913171784989445246971922993261485262891075364701578036238749523711944114	3.704481632226029826070976834813082040739715030328078809171650339648472045862e-8	0.000020799276661998531864384579325233935470147420424531198945879242244364652	-0.0000178681814452701301160034072452936835792791147996134173710807453299007064328	0.0006444444299600905341278737981219206046052260650987508697805369712537648
9.063201083010622245480452254030491442994289785194001761169449395992844920467632775107511678119995338972578692959539980351963377432142854797813290854	-1.32910610143743129034421730226240345334751392918330760933705591674388700273e-7	0.0000383228024003411148600001889768443031804975359527236267335286967533012	-0.0000320785328793549960232371064071538633226625325253934938647687924815037634969	0.00093834491090645000661479969739766822406927632548382296210745406553655
7.924120275751089387705418387999071629166873874226632192347006121742011493373467239211809892601968946162142211423908270070286441257948802718226851941	-6.1756223868043409508063283891434748459210428196978232403497860527169712e-7	0.0000645360509823947111853493545842652936777981960300316070742348967672	-0.0000525741032653216694153502715174992465811534075816558438990145380044889774	0.001292477698918560645951301702861290395780381381851699753506803891488
7.055671743084917532649914013365847803955141613157489623050754953640625224095040877046821338348047846308105266477108445759114718828810520135766342863	-1.639764499793787144911423533036296852039080819795832013220110703e-6	0.00010093898296390875768766535675007281046681686109869584253212	-0.00007999999955483701685318099843862347364716554492778478522560207921	0.0017011281276808203531722467986690883978375567075520545574979
6.378449902859775063333906778001010897888998189357781394564075211709068714864566512744229422130890061351877926786752320129087505535506436025888580475	-3.44678939600331371189559133696387673967476007075831e-6	0.0001484872726649153271684703311872531897588440098	-0.00011452584676952952656962060982939199949815621101110167	0.002156323508307507178031441723491954211817009706
5.840171345592121179310341610248761600221621493542321574112369563297137176887381897085426570680531539717070382349518748665728816778850242378273552179	-6.270670506946152223622243108459826133488567512e-6	0.00020751601935132467022823290406412970527436661	-0.00015587061554219475323824786358252490853147367726573	0.002648884719596071936889508117075245318939836
5.405272376733877340497098770755322181084756763344261353407156511876403459226664229071827366627295848987696865394194615264148864099540532528208145423	-0.0000102933089011051046381086221214896506128914505365	0.0002777625286787621377497246827362464057961975	-0.00020338928024730842677928844923404728450271394458	0.003169336192798018483812104397330858692581689
5.048880335636811253350910800540622069257552106639701273115204024622519680222608904734508134897083292745281971114390280747820253190357157928494536049	-0.0000156224462178450107269565083933396723641372336723	0.000358461574695841731059514965654093749269468	-0.000256180584412151058900902067783125146140792130636	0.00370859934118335105714918671868933826322647
4.753176598707353935279722469626669784980929204649600164736917504797562304512771732539709692831162880634766920383125135591021120759024888998144663604	-0.000022287050656665100868254979090986618319099291968	0.00044847877726951229225653057725022230127781	-0.00031320683903799569226660374806105346348753300094	0.0042584532228033628292248566268724022459024
4.505125296229156195770786327147858182550262016828032066826749451787827672435872274011495375225016886378303427116299689534339508108322741478574413793	-0.00003024314278566311917078363666673416291532491114	0.00054645340119673657150351981807723619508012	-0.0003733907560842399543607707892967937131823155555	0.0048117900792066695934864574437085147627494
4.29501160447820380552589360338560901891762755731919339061541567004901326458449064595131424205554193901485490750152340620095508342488380869392799873	-0.000039388996823507431340699075843078993530514165	0.0006509276781987381218415159886318787018476	-0.00043569255766446325449580533413370120022819399	0.0053627041516032318761033118753610296373108
4.115475864210227281547736243237033199813086080685066195084317170791917084757423641015198251328963520008183393747522380658952037329722303377586799146	-0.00004958292750529636680195570401684383276966898	0.000760452122894915392251331727810400993225	-0.00049916138655886670232404778275529237846677586	0.005906467182945076686396445588157840348
3.960860225142763636086794994971117081173674130359787043834082991720377273989309236192632494722202456671978851461654799112758920415882533136145816929	-0.0000606603906815770408618833380228090827960623	0.0008736620292358885476819586064749019285492	-0.000562964467033722710201010647143220200604002	0.006439431865800698734791513533743946254292
3.826757371366215149516263887835379618209717034212524489161346055835265350642788562979503518102525475807358821542160440464974799943425928895568666339	-0.00007244897707058456565919407509791861356280192	0.0009893270850900908805853482904256000454	-0.000626400263247318436996164920572435980572812	0.0069589092047457336537783795975599603322
3.709692928395459793291927828672899364896923617226568360345317146352643093744981739088638651022207989312120777512689219894654462393985689913586668954	-0.000084780288907568072301718818849260121832012	0.001106378298433400460753248241887753276336	-0.000688899918553238997329074186221207874916308	0.00746303698471099525535027129706902182181
3.606898137326918008280142044834360807799390292749900524704020150491815673029020269084754631302980125894659762055163890702342642544873712296368825691	-0.000097498032279787957428413980988107753006316	0.00122391816808932114594016549455664797501	-0.000750019909937084539650502265973191718936594	0.00795064644938608486630074648492264704476
3.516144622620915624989208064825449530685035525543209195633123250750906975667255619656553909356804849993078816041632127263900955899042642748483376194	-0.0001104628931616189735877061944105625479565521	0.00134121671916830513549353728649538923986	-0.0008094296195985743329777306895546302927505082	0.00842113932829058602498813378688248683314
3.435622599925913825625740166043313319211694144416886111598607702980526305664893262469291893329341096546851339532545303554855869130985117309461565605	-0.000123554965126682023969173378221058514430993	0.001457703039619336677702965912868377921097	-0.000866897122510556305840405882988724590636562	0.00887437378709166639827500619427632259427
3.363849945743849314002063799432558027535347563320893891137961756548431688018562221708528524470532682533319992012458467733711693752336225596397333754	-0.00013667449109461807236650493858394382386579	0.0015729501145098802351548302586625264229164	-0.000922274469711621766280688494956867336561	0.0093105705820531155723034177956142322474
3.29960350453437405671123887189788202857668209421913943452510963081443843773726681753378556399037768849433193050786578073057566011248408509552312013	-0.000149741344428447861776199556456512817383587	0.00168665799045564036434597422733047198517	-0.000975483531395474989399859315099242475483994	0.00973023472155870979731306942170123345946
3.241866628463664705536418868134556419320854647157020402980773165199732109595504084504875114810018084767717714922828249922583243984961228316477841374	-0.000162693696777802798938607098150763953309798	0.0017986381271174326735619353106529561546702	-0.00102650317379572316146863791812880414431769	0.010134087665953178259633733646655145784297
3.189788709450686194517883250946409293377474687280235008358052348239022329974336255521195414194125167042695196134206799672610497069750162641168305551	-0.00017548637315682326634203969263127779715602	0.001908797793567204475099126382993947964197	-0.00107535818775731386729401990169792871726196	0.01052301392922150413033571825641628094422
3.142653669798507836154685369897759661965339672759050982697399582261267627519149758304773468364237064526512673294738131705074991315300939582895188027	-0.00018808854752980972270490306085462920771904	0.002017127570425142200481778466357587377023	-0.0011221083815393130013202546808707069167061	0.010898022868973558717261396159817873972565
3.099855214542930275374278222232899083270409968938007759461696889591199742320187093632304333526275494730760115536633093836418454765469812097158729014	-0.00020048286749893481864056265049943187562216	0.002123688245884882665459612970711823171021	-0.00116684346471532997146711379018714729708338	0.01126021085468497505854297062788431929819
3.060877236649753418902028668163130374316814866608136396610730670476470052182208485636487150904715882625626889795998125231084892878787762424803360421	-0.00021266294891143631758364858589573815697997	0.002228603977919992842638657445676588319767	-0.0012096741842888646416145085637630989538423	0.01161074872130060930842410785356350400941
3.025278184386403093623585376042201169363930827360758878984446894379565109350777944245304299016850212611102949692115004917419650515087586333211124935	-0.00022463250983048119235624427393733074818014	0.002332055320381269777292487034536658057491	-0.0012507290595546598108384100895082672740771	0.0119508724100135101849147370509343956836226
2.992678501006486433239056249706080046749061605575445361809300992984235182643611419839382398728287573184908319061724897287989811965787464838168606025	-0.000236404277302066253229884086801072381055	0.0024342765510567245659688331944203940423227	-0.001290150924017728462560889941513185839341	0.0122818849248691303836392520079617333738
2.962750465567657325738049464204308826131347367847605238740587755375470863213578601212822063577041953130753363396914518494470685820152384893116852307	-0.000247999372040826422348132386255785357262	0.00253555622170535971024891065284556147021	-0.0013280951417709634302555948055298182225	0.0126051658225714403643063133834690913593
2.935209924263660603187089537413865449672673926711784276626610895503974372831654449839303851670472850849846491667587926538107505018527451844147970571	-0.0002594471435449581868377761612323139283859	0.002636241190003710527204005594921338946775	-0.0013647291961749773500949881073281525354	0.01292219386739861576454534728341495319415
2.90980952064199692464312744695319198823225756276790379468574595936722034818014745492530349873183498669760611715878876262399595843581065165312360936	-0.00027078556485451882687341006165934124508	0.0027367473412423472015288965579264985352372	-0.001400233872618254389205027069392568773124	0.013234574153224647785333096646048430126348
2.886333122038846402527232157863702805014476955088634416817767213026651356005234559793659889627315907736229624883444693636583921950665945879134951196	-0.0002820623614533580359885276923185517871625	0.002837574842783428960081726271577867921326	-0.001434806334752962908629641729755341655381	0.01354409407125416763658914693389628954375
2.864591206623922152050450214776477736607348193598569454719226158374388363988872473991570322269724576627551185557904592994640588286556814022182066436	-0.000293337135672959052783642896220508345858	0.002939335216774533417021942328974166536	-0.001468665810232576658195106351646030932653	0.013852797908369921679692181700254758347612
2.844417026397012028548876311609715554816795866785598623744889961134651317779066127647733644686984942157114055152943932333683272550577446270447468931	-0.000304685252000516170278557095256772679436	0.00304279343077328484561117683007071434347	-0.001502063128141966763665960996546611924042	0.01416310378092598852284980689073774131238
2.825663400473139162232784732282690163572096343464892861947603075929948733533029391753579603421456081560990672839967224832645549269298863352059486422	-0.000316203921906646715719755069405413989417	0.0031489361570628406862946000895054812691148	-0.001535296490049540017199697283941736192867	0.014477994804403971615413205653295949730795
2.808200023048824565702316697689630198331833745674181599095511196056695756927623167439682974141504581040933156398623703023838563522562023091380983752	-0.00032802314096848697857280611561705197243	0.003259086679843472549130432854637602260322	-0.0015687382213551169552518745390335882457	0.014801335807371075398242896437701365045096
2.79191119376159658041399454648102349200285225316163228333735798939405453283832244151115049380444189217857919431342495286249467478154985358941993946	-0.00034032501305437515239902773028367427376	0.003375109922951793267307125918102988159162	-0.00160288244893305579844496113058283631633	0.0151384298250074363298406826380335552956
2.776693896362770916616074545404665941159308617470167763122614812074939781461296320555861284264914364109972114301726133404351733625957254922498800767	-0.0003533810722472971749420045828037498354	0.0034998004403217682786764913974897233457	-0.00163843560722118749343192964130130330882	0.01549709499840608789408277741471361619983
2.762456165925716506218244613829947841357389002392729537953605296261352860961417887708826660325348486908668280942382130689933891532597028364307371429	-0.00036763174966774597575091115540160704098	0.003637717994966599139978567779239296555458	-0.0016765110363131574350159644960304092549	0.015889909076504179799020533433013286683535
2.749115696110510277227082702069841208395269644581049290080016820355330927702017016709351684128526685874256669850093511943046258611582031009532969731	-0.0003838840592592766368013233014746640455	0.00379725524209317616863080484252668079463	-0.001719110055748969934987856040480538	0.01633984093737751700621313510860797739562