15.3208830417618872467900861919226860889786023247688006445976372472844213832907532855541947314412427233463647101554689334046490922756246777288858122966421650758798105319402789655136462330646587758048333230823502669743420095793546146093780053887522323509761863606181217774465456393924166842124858399708	-1.66943363731875954557087965688740764523024301376460793941e-16	0
14.6417370113137239343384248880680765748765522674306915019996452945688201393154796164716723258527451119939875162421440894311415164757489721310797944076778286202885447087102710163676807879636808597644356068043801768327128646843824404900310673512069656822633079623167459433529369220720690511021831579273	-5.37574690601956225826349645271608925362335849592616534194e-16	0
14.013566533665287770217650943801289469467722923808815008582376199731875249231242591314889674685526604362218951960014687223731467057195785361057970891591359093210638224667765497868344499452084911755408737758016664701880662603446538191105498273030641351029513207305243163923305952437317338016266775916	-1.59954735880060941597829434076614539550453778481148273266e-15	0
13.4313948588258944179866802626023062851786523873048864334603399079024409469162446250680183037094554021034540806259753855635165351412290824963344802462941509631707696586804931316586629340715191721019663425478648746504731315392988096816308014484344390975552294929735915031697231910054127224132210480465	-4.43019968884532596648228867263339697130156237027252429552e-15	0
12.8908380890171729132495652855954032076916027054076884352279934315452653046392844638834669695168022887132964192378848892504423945460470475871815175959689510838403581784864905201642639459168027411415107677024119533199253095301314421637867860287669723950959165815491860052375475750634105127154911942532	-1.149545102405128414746746276687972410976684023899783309466e-14	0
12.3880224067434831614675927016058886127153377517863048352064320300733432821769839322923248393835938437753541552535019601981458315383615615966156508390443330559581100217807838059559499164327770019811782975082304851669486321628891157338434452328974161561563492591876998034519064172573433293804889087028	-2.8105704261442619970598262702635365514565515201896660108e-14	0
11.9195144780814694525577195582779470755292426926230841774994262767464987876154645023413043312873931230418522064363549886053113390681638392089456311429083569776800971624302339040243129093161862676908600619498852094171048392555657223711333753569768589596049039688644971383361871499196624143876746855504	-6.50791234620669612006335521801039656182761779587819353759e-14	0
11.482262687813751161494645865153761316310039235615955337005713881547922881222435069228789278585702150166449079222845839138418324420244927040245238595141394286758385236011566087646513993775578098093005891209309558293769239792179631066942579243929118642953809209319861376663251519501623967910997684571	-1.43364287766081123933710599240185291565850415446491279546e-13	0
11.0735473217134343467488067235938469965744836435590169983981337221818301818856515078783054260387789253178691707292683165602647759965882749114721204309215972510705129556256377353545022995935950095546463097197891107702975416394332759932834974544009159388437822226423058214160987740175701004007989575077	-3.01687183206063408582312603058728233869788217408362475245e-13	0
10.6909381723389535133186724072962968417283033703988481455600752939570396980534062380338441242778758456090113294279519157542868341061721803446900412889351804890091123694240066520791223032102483119098515763617720903476639923448208902022108143239361601723809124508824579211681677530177750905832327407818	-6.08655367244777231001826786108211642967889138502818422252e-13	0
10.3322583305035027877558105914936246029070108522309872705118394257916387069374186351242982384140296332033071685988418901955825710035457296049685396207595821692526832226420075850063444451327136713042907270772847873710664106191557884709323041026551429160046057052532607552676111480868501361312254187461	-1.18115537900694978327744566271027833514642587384406010144e-12	0
9.9955531520381529805248374145197011889258994442792637732311004221472701378524652712025710866005896076201485180896664255265394217509266512679532332820439062396792856210330937074180006585422990100237433540490367708529307981989572809263979384444279388942143413619807489917455036397033327449703741041322	-2.21128808344484292052467854095136314725998333215030763082e-12	0
9.6790635714140638681374240669599931651633940405337218231866762849531348156545765732429782163509164082658724996195519934978670889929789892806595824801777276914740403822985197893959139780726855038486028096250600514380685236848060839236797224413576042750323073039148835117951497410922142701160538291003	-4.00446214794098927732904005356544874545423005343993439155e-12	0
9.3812030800459540678634285163098272557687389989590833900881483693109435515618396612869453513703629042072820689008378230532448509550118931484916169325610060312974097542345118617174545123949692913863325836857833037884424996648558521520048555163477983802451855556626654119303305502897545005519973006882	-7.0315647869951494830925570623453617707567082580741509826e-12	0
9.1005378052185334224005946754516062869697312783617795732478854149346154332578558263056506838279165436327736253868259575090034110287742184462069354716555415242366282219558275586774475405601126325677033494043077793118728045912905358856099348032494911834323970927659837172005231811373042105731159664157	-1.19983074120671893109911776049790313015254424707116474556e-11	0
8.8357692214017833485255661571729908521224912998489702093533634877007227805591849612234338156307339119843159991594514021705594158091091228932354653752215693027088396497196043151661462029376981335212580471649330770805293378014329816364392688285666438966250771305195824035489256043605893090820620694978	-1.99348626361527679378240768438672461347462176650195529589e-11	0
8.5857191037930387461142860091134356632402028886361484650302788501827416891619964152066902588555473673250087828412219155019108029890347873421400871067464152271383012755937522109466046883581234116396809483373608483439260147557676282884987825148284970807771914902347637027709494305047316001057836538859	-3.23087382555189879771298807737692157289081879927458488305e-11	0
8.3493163977954599341016275941342743881223593483535533810518151930078206375016579339855106175544424364169896662364866810897481301727123492566480126736482712203867651374633676976641443557417024747461735683115807816619705527460042112902553116736753028854156053110516776233179731316028554774136356801401	-5.11634564554325121760034802820904462857233741706479766247e-11	0
8.1255857306040452993871987983852757672831099818805251068114141083565133567060037861044853305206310811230256935817021855338651843874329576825092827920625470094635541819514081227429255388805673508324676868181022963079682436160343072214753584519769068205070135203905668594668455607848614845415846383401	-7.92850210197543260477965236633155844383869526061621148817e-11	0
7.9136373343245514216685312505901372790173203949277931119804128518807000849741068446409368231077859172319429942291866619963404698284145158192075035629602289542715389174797940081582528283760010723392817156515307922853582989374615312885319268322523651388516401942320242648518732986927528120906873220768	-1.20397376270165427652435344382885951505043127069045321531e-10	0
7.7126581858443994249055590574885246198201211142386531307704720161544976291407634984713568825810421133542503742261804573708490635004257077233293663049945065890325963178621501025294860197856987575939985455364401836493287319400731652295222072200650250363112591161677095054824903558764318755165089123341	-1.7938711842472307335780438197622442414670793189057338337e-10	0
7.5219041983992905771849462368157590883993844914343348387885747755783293056456594533430414531780559978849389616963430473562648791505348912154403911463789690643529627434633820385587862052485699990078429007300832332389755656585308933352082480355606340901324435153544935671536275759842410237377494202183	-2.62556655409426357899768362973377061386046807064510927184e-10	0
7.3406933245478888681220561854035263649887941816084517667365628079366978262092366561675606907257487493654406634695417277790856558136901152033539054664839229282560541245279109006562359209902365163835180349124776898557641999142635145314423458431079400221496199184808461708006596066685016959605135104634	-3.77903876655581765260699594978326834767235279548701460098e-10	0
7.16839945097357762130983576297020862745089395330298855813615289739758338762977117635383736338875438109839222179842630086976205987417438951761178848793608133974791139017478379171935903004832895380598968102884291284878974609094166651044293136425335280584827169774263883873001852726834258374428421915	-5.35425247448174486241566759749531343824169020149646983553e-10	0
7.0044469828978916475447324896752807450276358124436786049331401613040340785877509150786997799667205828731988776531273519501552314776731696216606224925635620135491613604566790933226741858908268919091263960275538862946388133820591833622000894219664351319621587580408228899908252863720549986694725920646	-7.47438142347373163879518431265800526412466124081937775158e-10	0
6.848306030498331349988450452041620276866049903344542178459679670733339615768550175664416262995643611887524728327364009897692713606975352563788364344028620688897347406500986730187750193558142288202877474970650271144775160002991630327057356987918137808990539785116436188926597177196282668245451325015	-1.02891723811034984072936046477066088724135693397948836179e-9	0
6.6994881220479914771818803413893017996677949537418474300550579728608501053201565699282104802749361684229544779670973675810588191238918971651914413397602573777914063218364264402847421228468919042323734903005590250938316120590982491417096222289101668440029203126243701068041007382633597374408403539683	-1.39783895762894619472636620831095557320347513354897616815e-9	0
6.5575423789223389178305741805494754493554695580564669760493366174267062344425720678754937677598333776287502524164994615598911417665057686673914079472239869920601853144207806604633471514908497654508213541530083670030348815784918240213638980847876269882931591298369450009389119033354901474765507411925	-1.8755273593632826747089170505785034484932542727669029933e-9	0
6.4220520964657994855025010356282714881508612674775933415259210161006647564299519521217618421087937059609864115810868475382473988378243162351527624001476150938630299041119162830304829166927182495363619445186891581405826387019597901839632144508299065655177786007734494606740384001517314656209826986239	-2.48699459840391853099588229327996623816034726827924920517e-9	0
6.2926316822371514395223994946555783221849718031392878149289071885687166891393712295395561636240464822701325940002222939535051504052455627991437880769378848437095837047067645189638967730509428489598029501082683759498303122941963040267713911899456480447460607231898484987815939475170667618790938071164	-3.26126933275852993028267857673882277965427714509973651228e-9	0
6.1689239095718372314452744112438707440060638934716013747076098206365295702244352323553252480151268114588216842748477602549140704166915148166353770104334828584555607922519098999483046978506076932907827504169651449993432385417597243245662871755292286090447307559670197527430589437875377396572673074227	-4.23170764711267278747274523794258163031358525302297909548e-9	0
6.0505974498877699353972528525157355365169217133134380132733515622386072800534076438133984438072210249213668758017961214616857246125310666916502089588716751610813003777845283730017386274362277682843692187217336976443870756808498861822973532093410890792009932507479106734546000135893084241302288068006	-5.43628433912842453459154011833382761474693415858992243956e-9	0
5.9373446518653223998370829365597781363656565440429585413530338555925362146068602025608338040109697167523552962388642896377325080266364290717133443101270711937557003855019501041868190479664062769192841881924875220395047151162696601054942325858914163293108383574608660296290080323573076731721948383914	-6.91787096540313933049813532771057254223653811038342201552e-9	0
5.8288795396735067294104035918939589989975588108457612186985134483347461934129910163999641538028192357829376577049085437294380950353088714531553872676430485679429592607382517542674036160888593912416902232450604933623795536305825844670772658390027841263532579638049835142742516725969409613789454932769	-8.72453185894971983573214695409515326542731299294448488752e-9	0
5.7249360058941738658405155353818804968128344312224025627255712779095608233326844273936846760882300845653496063388605579219348594601201500620786234654125449717169421662949088096949268451480072790149998204484730943773307099034264422191368139697117632268516943741452566346748176797056260439792553184242	-1.09099675250683870034294089703304715067404898822266044566e-8	0
5.6252661777990258478561206655634651799745229018327985482138945758698023285738233878183940662798973262248773567303308427076766779168493071742372897436544154218695330840383401342051413613729110890932220155910858720776147828836878322200462698809689362065650291496188052567032259217234424191821507795974	-1.3527032144250752941446806985173112785859159491989287252e-8	1.02769782643856268713783739946869482224704011242985711334e-24
5.5296389382312453524160012755222771587792774486336118932181206176808257291165164790694179857062951192153720352697806289163780968901864060566832651764328402652179840099979305393436631410202835414052868873398270611600865311668562328764397376572619019903838018399804323682036275905256172027224663026268	-1.66466039020670227380162037267809378649253054557276185545e-8	3.7644170222320832990188496329492375548073333504918554563e-20
5.4378385845941679116369758078055481430978119690150955077370099966353461797876948762417289069186040206932796372671622215910283610532584308618112658884248817861300989155962834739401779428726798327055223470929723245081888421805790614119251253115892098317712458350964665087342179005981700282289372731931	-2.03350894709202224354358497993703779411834295398877990257e-8	3.36855983433365839006482979928834767372400802245978418868e-18
5.3496636114038041807556909079147828096498140459017587273971305986914271618531198138305293993660512288722834236335985728362482296763858740255895509575612605705242438829840294228654084341178846495204833801813894311199158568319543204060450656112682204063359588104219063761546894821322859841137709375649	-2.46670484677354678179168709322465293356346823108713876846e-8	6.3291032635204555802444396262946077277637586513822981535e-17
5.2649256035624967772686380909881972329483672772112982288946081281508838200005410058682170352500946943768501944983985415848227767193590434281539532466515267385065266748087803207503522750449011004752889938577760360073645342871575480895088723386994601230634395005564992972795405618146788358929125262424	-2.9722629190748630113320280339782163400326820838851251576e-8	5.5764365937686690869669195503323197558645986447775366172e-16
5.1834482289933875161262934337902092494866936824012502361955632734534400927050508737614499623842635621962284691372951017887513896815367326384257700316097500615460470143441577653815683175794425071392815717219772413918812482686286848352993872904511897727367492145322350727996782392874441724584705751172	-3.55803606825620495051974386731896780407038589837402433916e-8	3.1398870534444550892564100397162371050966827263327412099e-15
5.105066320570052753094563389878258411510469380483135762997465740752534593467262970975275423373373896361655498489355050519329863059863946334114552536384092949634184470660161456040718067804873022500611882465229903587155185220781969278786641326191999434242264620013927320828472512533917489408641335785	-4.23376548900025783668045679415891860116258226571414989494e-8	1.30288051910671710745266877921734507670577348853468696414e-14
5.0296250384084555489845946889652905588537065539673602908015516091186335729055058149130843786580992408093420399180214387079280577634838737597923660109469385666301394742307263623902388213058296817012625378442242459029880631123364195721230329799168943670161450608532889145225357631973801337761413308892	-5.00851877153158531561875912723084085758016479410972987232e-8	4.37464627385352964269713483675413676135145741002822954006e-14
4.9569791045812558511838506119080944914710751507423016254240978847040541220270030310301198662417414755429831413795441544364077075613931308809578550769689130963872210972790321310942559202322289594910514165993626457301048219410159076508715584008703226570307372512709685521581841035361834028427631813845	-5.89210061447656366086807787047187603133668251556995382051e-8	1.26383971231051263680273229489470374066177932875806143461e-13
4.8869921031862868305047918523544780203750401225644020872678893340666625568972107252004698858864542304025557410282180720858478760712158357765158045938172333728938426199707304167307454739450403786409974517456259296711723280241019273223604297358433191439757187417033782171997279286292399757224330828668	-6.89470615664081995932648268071120124629524077020011741228e-8	3.27054246608355311742925602364450737703545179279783198429e-13
4.8195358394677048816458211701716532613682597271062315490933825688120389531502675392613449756595730330072328437230822062538112719007537170491175630204399415866244169166221541559338966076625236379816725072576332469464341298128973675833069720433768945509827794778970054042406465470524170899622365728361	-8.02690920341837542840363939523284633297929788668519517589e-8	7.7131073776791390302707318200265903647626367846610753683e-13
4.7544897523637158640387677196170289508435541919309850671146373111000746075708039609056297107124907955246880895928180201322853898900003913794925402021421154843835391100084574108344992359006191325512236782499004203249707895444501044042429505090747512699278835173074165532418334568595401694387135366809	-9.2988736602822755946138434788871434433232732703672348391e-8	1.68846354477718077786287150542369986755632477395011981091e-12
4.691740375450690551649244933574431912559108609341740133176291126293267418204535528512564565184862412570796307574629382131009135171712797402548339810288926964804237523331271649423059899443138244236458185256670352617189836576837663536347007498355414930476376850645304562737475224633919133760507055636	-1.07225739753023747791275747680454676056081623870962344103e-7	3.4693141672372566182518501347169995007967671556368714262e-12
4.6311808417800778483808262981383273271920127156956262110304459167777819941015677827820243316841850387673700652422986946835844789968045952209449438764339727730289460680189710796897838855014710330187274691864418274235239579488898108430216745661115461484962115970871390810879464995393787721778123218463	-1.2308902663602022026450553887857243749065626575834542951e-7	6.736684292876490346869012551761085106357614802298195255e-12
4.5727104285705718171235839399576257214324091207892083370244485913265761905045938638216641385945388968777916754241342987158744297341617766421049111697817320571177449578537207417643264556217918417950312917839060439096811603362249324367005104038899131388553145576155215071962103180830452173390594168327	-1.40692680928896165756969009289596538980993982951564326378e-7	1.24728080519910558088166474570293510824411036294087455769e-11
4.516234138131058851949638376319326323383316230815967539854990274482162397255717279855720575259138492703606809666430689245338703599830956853669652026723109913827205092305552198961243855213786160102134012580731606305885343459600958203905959662172517606018691663221615128471964797492123166467907526262	-1.60151771754905337853590180311959587357824949655373091288e-7	2.21338202264091082074898298012968627162575596946943486718e-11
4.4616623117565141815898445361187769503892034144211529005912227412261800141427236946930403485824805653733828214661208330879610526500902673972460652366401779231296510301237021531398535805057021270043477125117517715662058680020842744088852572343010301957648604184203838368058241669479826577610074979676	-1.81581855346706361341092484652560562820966752221884212358e-7	3.79481317452158096941229053485967591281081155919438178968e-11
4.4089102736649085499258716860762545793808141900626169238953946254346871243030329041229630644396289626535549594966583993472766926221219320884012146723143762716832854689933227025999915740274059366965127159272226211593727111638240560309768787029428169994418387787063588188764555412361296282432111334332	-2.05098537146127395149010962976367641455865668182920298035e-7	6.2982129278436947197739074778132437744421329351790105968e-11
4.3578980023332538628852479406900227102198273226942844877913356763929789113771299935905970900447679985817910048187135787313949067007240523703853692940706354184638168598739705000071755821000254866780512193112043532916560860686704315493387351574068273672807847027114555527840129418864954303987969948205	-2.30808356629947693502171006091610368240620775965077593332e-7	1.01650781851109922250497815318518622587048550614095292237e-10
4.3085498268494454026635807342579212740586764923869424141853899117752813562279720110232482288230010942467965063668920654883957023092883834112373692810180048415608765865638496387979896856160639552046370494990133944637828163449196763741522026656048169843244395095810262447532706264367254857906263735175	-2.58837891621910302323801615212440477472126854701316810722e-7	1.59473669176895681503648758948341046310524920475108718769e-10
4.2607941461272794600237104030730890803908296212566704827457935419323040168271214676967592276003514718490690200326522152084495018620488008558594751151688300145743376933949198462010335025450715502621164014279815610988849629914912243999337016756875435924394138930212369974551725243519603599068390238683	-2.8929350230515843533286393902087444089674329277883683876e-7	2.44320664920881496999019899548537991990152102378618122988e-10
4.214563169038193984293323435895998820158018464895818371471473561243172642531827424590570745699456271566373101621819212169752161985234180819203795350638327767527504425508228230251766301796254204792612675363071821467787396536758704633234752728585761720854838511997469746421863890824546083488463175964	-3.22285002757058118101579103152835221628823291831444131004e-7	3.6580544609766798707257404370398350101460722096244242171e-10
4.1697926736977398745119487244122982225898190114171607149062641274241816410347497284877420588121977233300377895870890304936215505379500582590459233448407153199943437202461725798327336413229308611179832089621930063408957917650438546984689279491360930092578893415708273804770346165436534439379713789189	-3.57919638011925246326233877372028146445449822286157260782e-7	5.3736984752928914955704122893704050576216644849975258959e-10
4.1264217843100300353387366476238523926767652831356187438998706433999384714787600573386385450311093176198726432490920928071391495633083681977456717595780875602462767514889220844801009020856573709998112052342665778772438277454019851510623646965132909532657305068595192124778180173796332062527860364688	-3.96301652403654292343906822160908801476086792125396064225e-7	7.7370718970576687632903733925858737320657298998064371588e-10
4.0843927641216125921630636029760720509749110987880307087255790397827312225956606439458003271892421649527371812449118144081272708097907812494412604411247293013640224257741879114532051379423978025612012290988463417183051352947279230882111153727589819856134201134219558348091024772511065385755615075789	-4.37531888017450391985610333961243656827831253933166365787e-7	1.09639219287286827748793834323245722411254131712261161167e-9
4.0436508231692869447200602083525437076038897396902253729331666485780033609749723001904973209315126356917274284491975321819139161723253330289964848702402633657332839984408218364035279037888081814421219769023844070095734979427905176464157309768968209376156869293060755557045238506962225966358104279546	-4.81707418822535986250792400684861474652696763396847474755e-7	1.52959588073680341278888199294497381985899130118366342394e-9
4.0041439396260079066873698724069610841942219273631893580387679762857965055105363839869720264372973278268829774235250710932267051932204039384283197588289146327872130283820038121988918468339059252637342518288090751416080037541886538906872178097595563933465612275928157767140272521308958030292325343605	-5.28921231101316513387137809345867383284676251006947530892e-7	2.10372177961993306436078407578399743045807984042975348293e-9
3.9658226936566834902859116417827669168172026554004361800452681569999709346611281122668955103083850357936336268496154015041183916627225068375397064427225416522865477555501091277656689925074410336436848305554212612821316849727667775177192613007093012662318829389198147510281269595418884203835161148849	-5.7926198032106947713526199548910323021154821041676653535e-7	2.85224440864499502351377214086968881804186489797280737189e-9
3.9286401127926695831454024083645401867674869417922202629293468787752960246669522720712581234570627874786957932701664302132263420999714243545130013891752466472023504327024943304245825371308867894881898134209420051557484876730629315703148172483762008457423514964150522472062045192716556123910836175741	-6.3281396224979887239876301989714985376857435199581216352e-7	3.8200206186905201555905789709800037518672563102101417579e-9
3.8925515279212500515403734827707992232450662575255905203331528478406719558957561200316789693291369479082626189515243029825820871916241721365948240049728858944260294676007790886686331350189008805132591831142919543512250458777478938983298980712673190880205797711639779196773834415920105306701506934507	-6.8965939715390240234830475722436308241253824215059488945e-7	5.0517868664297104798048592717315389191253917864484140948e-9
3.8575144390653798678666637136683759294839930159731482369291603127764303503233051519150593788095828716198382866750406847123636906927510781621890848102754500671299162696047420064215182946211791357101707376655587028940768585321500743925878028884707217382110020388172060718640784719618322098994627463237	-7.4980365195909122936651715812804313264883582580565073431e-7	6.6058202177936505331361753816793355888335747358064166629e-9
3.8234883902003605955447002036106750113920004590679009529439444309492616063434637957444129985847938588533806745454084390515224675323149098622898547966943113253786484191642116814560088807665591509633037572616267977147982121335303089090089077341256489447042439480981214783721542889157547089193219088358	-8.13423722244060320565999066675746196933862048765195010324e-7	8.544154670100141261992098333952885074405159600375425862e-9
3.7904348524187081070508660210788111594676123662080926710210377410900000437828918673835321846457182206523570457006060718563116560611210216054053968087009615045079261058405235843991780121394423596692099170996071662016917687384915114105335294770319723185532064941457242218978839753833434792049650626172	-8.8053423677046998385210744752719774904047292418021996919e-7	1.09345552961594491268362969756248411073896300469571534976e-8
3.7583171148129677429992675714054275155951152270032902422484586216568724930275822623263458842202373075859992779470960064238781251832802470931852582910202973842169870887185657341674236015185182890974372255856235254823867236780846554159410961979037346227825763567432369143082648284388211291748879007001	-9.5119162648838150620432844006968955363414821422812985211e-7	1.38717838575496178691398171143551868726748296371973084124e-8
3.7271001824992590275555444906088067422679671813845932985081546036526857248468286062978920256063805912411486123828104001484875060817146545852057490352694426566948141860202775374159927643905112009888560282296016304522374108791666143715314378637551628583347687461807123985661818633234596769662006434995	-1.02544651601723510764122647218843905425166499428551635233e-6	1.74240704130891642246393370243411435271149403183140336078e-8
3.6967506812524476617931299315597970775012406755440083250120811578873853099840109483851076637478092529357717275020093752736891248680635465342503571210726303534959835417141462887681543199715833404630024683051121895755829245048113004410642475756861839002472466340166649235163921900395980087120907076684	-1.10334366346427019552504369590492318736544060327063896671e-6	2.17237550494174599414039352440495206020649257150797291521e-8
3.6672367682675425945559302797376842969608636518379930537816150259821398264188297488101184606680592428384201303392284946829177059529684849015542399693699821253064573831992140148038970155787428517156098112745429005571272330896227312430389214933009428877749313334116761442142387501569641412221190122779	-1.18492192986795336811778369883046272126836689167463173444e-6	2.68348010617833105395745095708214165933628126640353501293e-8
3.6385280486016421939189327164307906908307990297742281795816475526861787549905954185392559933408851440089941442333068939887917883286063861542301580171874641051088420431428841192611737444995420142338737486025868397314084351586752878459652925440780319092110185461749888669102544140898045243279963839827	-1.27021427732145673717851975843179621120766460349033999888e-6	3.29641840190110001975144275992918736536222024103536917043e-8
3.6105954968868998241980868670924358779109635513351216010236627914976736022823386189879768556390980701078769196155739755396792849440829261267209733573711102900428828820689086372870260396880530785025687393163283881374820123742216372494214157558353892933346672638415789476013606143844299360290560891728	-1.35924779501161648108165187806629170674390914445268872732e-6	4.01956859075164705800774211128221305049528891172811990389e-8
3.5834113839378971703494818952856162271518239413346319302326289809342086013184790028700526075907670549338210973333411158032573458495913125928386823702966981872743075039132958916048327380046312407648019634939422654805785266341591502054046657426669319538530113570859527038015125603136583243950615036785	-1.45204375286065184690876443830524654433202662196899631793e-6	4.8690561713125089307470458062824710702743501864784731028e-8
3.5569492079068177821021835276862430368795615538969521584378562624721784692573390266541750066641831260863928659359617493702423526792730098005861427166717649820317122533510304543609248195972453172380402633609691990377248038613033352922920378194603435598218504699441299823208915724050248693901058791687	-1.54861768341896591360053225609990210560349019837067745376e-6	5.854609050812011339597168700155733728275736384807240134e-8
3.5311836296671847759809029028361205240359326273004650314680475844797462151695348869937799227698699745910014511916412748537954315981044034556858855192799429475332542605294387713994323728018831306600435705810669310148694928566158207470161884194592292137760116766832614597368049301179806584311939789808	-1.64897949476763612021370142342731247808172606909627077088e-6	6.9994391549908784772562700658876729480549080131950795714e-8
3.5060904121319173216217849502178822101239649902492491697585546760481473088865350228459590011888251234139195896676416837984022635853365439567714865404016788917969414756812207565139530244185404576968862305710550851036347442817604430634484687100445581305336929506370118749264492762891985375637985935475	-1.75313362204400791219866861234094048673183513360365149136e-6	8.3280252629761891556205858536772833135488212915062010392e-8
3.4816463632342962725912994963136089570550778691151380177963778592952272079146232614528401132691531454292326550656111681836852857234094843704737892133982462979059698107240435257384560355794162782636307772220829003349513313489521010999073957969962680244485315345513758605984645512459694910904863415792	-1.8610792377816027681122784044233915513716581953050253676e-6	9.8363982494930395397136180183019150299349492955852872063e-8
3.4578292823213127371278291170000824529624775692458278447667267933730445942804070878408781444933730827676488355067209365625526009669995184271918058441429046643797483076574391102276050872263212273833760909898000564470245156627533381778519323929404150025490615835138704954771070510655066463268279828779	-1.97281057926198896171352214746891341021085278157363878565e-6	1.15656792648027497761241661957852686201921098073876142985e-7
3.4346179097279865623612260418634455689880824599725644805683305343167378634161100040638348792883522762269955730099547887152300027831236125400648337889106936244118819347963506419036380474474358980375847135206281241843236506074533879452423147729933218012698481244414933929814911392265864031540221917575	-2.08831759794708740219918632988633571224085094490552876283e-6	1.35266748147380544460057371380599604247622606377209535503e-7
3.4119918793187483063706346736956711575003808573995733576453745721426339618995228772336541671606125091924564618002892402807520330713744467416093885807044778706785765677536266311660905638540507681158196871339191174116476263555719992880075310436302660740353038058834788191347394480807376877250408204262	-2.20758800513218318401352203641023748440721145442261537611e-6	1.57269616645420677981775561064035415213389716315561985286e-7
3.3899316737980256035597989839218131454101028484309321168438417368524316508993841592057241699314298690745721904479438500307205695844407180598922402046529345084667675510689287905313063141267813364430487930575062276148566306879862306559520430694822545808948624202404151753078449104514656275985298950211	-2.33025893668740941955127932450431006446843456008330306563e-6	1.82100549181574565224686383738083011703343777206308127475e-7
3.3684185826068955852230897903403413586943449409932638694780185455120655583658737164664561000313379853661271718866922596083217816649585746724743964355924131766686609249866714244950433694996430491172486908623941313441279515675963511590436772626590093826061148266405702459837373634527156558969306317666	-2.456910129556937179482837158309880236761806070524682352e-6	2.09871326564573218699845201043230088408023971781184075837e-7
3.3474346622361788385899055557290943554587721656324113705572759506234273610132273213363017308480963646197954002119978534173334813397158271899689272963044617447662467202303682650884344702539322413838598496782907682313577350741588538218345039512009911833510608421392193092219285287882554107011315298686	-2.58723215193549606165082198312183209775169919006241697121e-6	2.40718813356714793974919341984858920577454079917335307069e-7
3.3269626987987652387523611302477456057090231000480309057971951798036734262632299869919082782760627759884928427257940729759694938011116711993135237902118021895383719846286922593463782080751926342284807227218148777157903036069629707234468434483901351577931454151223132696285823387019259102171128770317	-2.72118944329743115325537517169241583185338168959473247379e-6	2.75024405844943854403542938273516261753246166425716210973e-7
3.3069861727153753826136287477989141109810114309685299685550177611706517890055093466895343332747457150248679863187815345256013892475137413188694828329366004186722790598759439155876306052225459144531297894447028508347013863718618241940926184806198179113947365852336314631341031052505437209922663847937	-2.85874235502750528168445877308435853818238658786309061128e-6	3.12895182451879295754456780205437888990400083449012660461e-7
3.2874892253784614426242071178315081294264116465722421907930840219682860116658422031784008398866301083576687519482485753774600194943375405968267866832662866343343200092726141930854432709930452191701235417236911463478425476985539789812546339093514801136428779574847216564793458932768403166269769034517	-2.99984735723459176643695528802343810571350047201041001479e-6	3.54736323952338997259629560428148121271740979457367506986e-7
3.268456627668617793571623732787135120380914200310791799060120108694237804762576738187773129638629845772309525461827935923156364936587247804817116691225486843137014503126137546209292795483219604332477929723713224030408274208918738942697555364214181696336640225596062586906896691269698356166346256598	-3.1444572480445354247920294660608494053206666994612018436e-6	4.0080500247401307946041258883634762082610298552698896089e-7
3.2498737502067769634858105863900064948444818813486003025174515081602556764225052180247567000680912718589393531454835065882993544786952708873806234887052428324394465852492495656173964243360101913485062187829434286743095970864133934264786750273915630244887176438505163359738064756441435494995520735844	-3.29252136484130913037841458374758967898879559654596883992e-6	4.5116921413082881967796762261927990556380340162101387911e-7
3.2317265352336757634188729562521103269691477333602929501744149630844670942187293085281164140207879299068720273866377167251580599223882966599917645427559392988881148906629734769452082445823070640760467565362930160820821189949366035232738915195196366453067824651330597244586056343671028467441309257964	-3.44398579540691391783032154047463985834629702194953890627e-6	5.0645480479394689950431192334539301843045849587571548104e-7
3.2140014700156492148187076177707672638797009986204685124649254875508656155692313727140795054918349815774805801594880648288561939879352910112919700091097387890965073836930283189382663259421521071651863654472040935935882386102261859182338863493526377047902957634914237683237370264477963285623839262597	-3.59879358953243877107498886855251529353887316605523481773e-6	5.6660960990259574088537698500719943479388647648691607147e-7
3.1966855616827999916342762883001856150072120969026506140340453466878385094867348388181824933471568684133288817952846672340629126828175820774001149302669949023347273588468465025272881129996464870701443924672349738126907768229203692637587098197928507077748584056458498107281708708195892863371262712127	-3.75688496891922433396872636795698568403492812406572623277e-6	6.3158713583186310235121470614968410237685572934035654932e-7
3.1797663134120474651483557188257915388648047502755521660054898829929877679168739298781507113864580021849685821230883867472220588330661196111438343466192877922755676972934086915825797572092520849669277331139462748629293350261634796789243609468101989503171091701497177441327095848360620897973233563171	-3.91819753512693273410247538740162062600956455350627049332e-6	7.0255197690518608827233300736668580119575704135575925114e-7
3.1632317018735275708561649861586838368926890243438957370032962778533206455538164213746822999123975940456249197360654950066340039095384107589859910596740090309159337955623235007971222551833653698278246425378250519129205592903228672282457160870496134231697482915155685657452652173490237905273317905095	-4.08266647549024122301340184558109859226619800281201466055e-6	7.794587176617431290196072440002916302498671656442206534e-7
3.1470701558643330816211779723546436437704958720147334252663880620093676209964114429074981434392923850623045803922415311565475727821876694217999721162412046505555344945380609260656306791957399782575545583888526517124926062947455249809808750210715362203566374840061478806246646558551447608703517318718	-4.25022476492377250034594577658622425735346457354081745606e-6	8.6201505442608457368262707441679210369062936341327894272e-7
3.1312705360586903176633561616934200212792397782794810745588438970161347976456759265542137344792521682838955444383846188878626585482818829192078947475006525427180670644109318835609235464727880444465984773171551435197928461633478548494467710754910280072787108657370288441133232274180177812072677940274	-4.42080336522027810107396622149887939130488896535059117535e-6	9.5078914003585998143587125280698402075484275103229459807e-7
3.1158221158083964233683437547184681806963460069624610193162988906128237533350459311844357094618499287084195742095444499323302287750843852768676119580403244325588698250759690799945002706488849228549473425804277380176514471486599870096184876758806192215150827331871510506152991217503855106488800993878	-4.5943314188837238720770997511673464691410599217028580781e-6	1.04561109241492337466686179127560079103849144881878182813e-6
3.1007145629317217022543998886208102097167652379354977442832214268769207101463027686150888933789969601626924281992089047655479641092068512640916940773412347521830402360206881736439039039451381334384493347435853848012642377582828111947449636457840856797564949792806594733505881195936821137398451359093	-4.77073643831195691195746689677627433894334791439024262204e-6	1.14739180503910189679862236666011216596372960266947189145e-6
3.0859379224330420518233573864714229050696798110370699548592414048849335712688756490255663845512490673237797939760466543391380771781904291711052194283202618765149741252724447133635207431516756559531655694678151259033780227017500144105660877813194107604462964941980890310529255532783048334658468051229	-4.94994449403688201307103475576141872171582267647228261711e-6	1.25711745068341299728871461113446595688589753669816730613e-6
3.0714826000992327775783220082415529824640944411590427535956867923238082771956408277738940427567333344095931715745503716036081848733855394600662467835893298538985706817874600087983258879796912431247807332206575216016779311398640848350627099682016644391825890303567026642028531077442358821958835936498	-5.13188038997931610069230117542638464060188627567319524675e-6	1.37239481890643266721314846385600764811620902831185060972e-6
3.0573393469223502865623518044752916986071086501397197850558486900842590497792408785270224794744775050517200670912713582810341373144829575807536322706039727920561152071572667022364608109528912436417865994418986891185257378886230327249584304071241461875580387190234589822454027873441145932009042539735	-5.3164678424580917931168432549857772085761147593561334961e-6	1.49660659577533488793001990394209445630781694287671340638e-6
3.0434992443013736644257744732953503864333949819527122778383514209630200616867721397380836827526408217116193003594260315904503103875648847937170304577565454246954852608728240441726952114484882497769779348930313023149489242029713960909934220390256391052210290398216058356192380378902854151762825589016	-5.50362964821799934676680997786956210530046892603776240532e-6	1.62673509366123187072120665899631813144296285843981305079e-6
3.0299536899787934122375904627117637516392597751666539455092029568607103483679508441826596683169928588424529352916113389082595725540487296577081170043944304735835063784667086120709759633011312858434255484885614026296803186729174331139264532718463499126623854929655264212837282805404918887470437960955	-5.69328784855339469929856936574764585240638310532689915351e-6	1.76597867009024235884418606297849461310505341842847834237e-6
3.0166943846706374989206356866195929165420895743559469500528556463919786608860534723561007638581811272934563390732050999838857966953014858882300445155113955213591609457942625327775475843901566188612450707025279852117001494956983076881305036837278820334304853064802401387452138305068156592234952735345	-5.88536389121359075315906375304938938606706054204210252664e-6	1.91269016207497482591364356644258609954143062508631089082e-6
3.0037133193511317139088289893910916081145343498584858832085575175708670924143875398711077811307998573185765348263590437629911394048049737007048032862836920605094427385799636794143420078516934379459473044519387247815661499012196645848337712561394585830692421644326364097905285750125855649193336017284	-6.07977878540555414791391649139441290646258736185065661e-6	2.06690501182071074198696734552866968167940325393783177637e-6
2.9910027631556170618944450802177208298882868159501583880937560674293701982258682713756787048130670568629067796311895487100753661316759895752531913602763786249302007978545505159461026975867944118938306787497288633152892512820642168713904017251423426419744210989634460718722122401864750265738638348736	-6.27645325036379486176737388550397843372037554790451241969e-6	2.23025741999738202096571075557226425279568065773011325872e-6
2.9785552518676053668948403009571411139172695801926100975792677378569967267713262040458824112195721436992603613467558357437050281084021619567168899428356570627260318958248977066970614332033295014851716697043164176122220889997370939555281874349643231493038043024220000452851195155036272852476617223163	-6.47530787014950930533595316092188439835646878899455448185e-6	2.40117567435247315979237695472678450115100146621253420801e-6
2.9663635769579579563374284837574023886196381924667813681173612749888136573202352688628544615124131936161988490630279905235319280516927303753634355536692795903641451574427896303382690957329571707027211836806226623599657550247826123031250172669901743584207760434057672110942184494499816497618992522938	-6.67626324359208064671960866819984454181351810326350491194e-6	2.57946886438208043998155462505536885144637571987925767031e-6
2.9544207751461328578413952105597019933495535704049366796842118654844928754877675221852391342025940586876997856251586078834124195139405610504496575904078667833772774173791407944621545979547826794107185380106646629875944551271446891652666171248669055986234591220712378943606943412179402743741914448994	-6.87924013070002314965445974543481911553089463185356422453e-6	2.76725551088527264357806195908640769260453109856709863601e-6
2.9427201184552740031117923680697973324670227949856523994429108973846906962149843310404015813611060769415505030177874293549105463012502640152559590895527392501251169088120057019772421401054105647434560986353358375367795406914204894925553521349640921278812112503092773493950875725028326447298349107288	-7.08415961858316313397613052656548465536194511114469333091e-6	2.96398906612944824904733457257268914866593188834178953825e-6
2.9312551047346212789051932129980606269464785806359859094519321561901375838759658230958045950327158005574555923255921566593432464911847598239282943449717051137115367724343805460498780268694003262200498205066668999925897792138901248509479199434074857235501484401635908922286279350497423917835489447805	-7.29094329980306903273009536151885875735510186613905862881e-6	3.16764433371026485923398042208634360662523201049461791431e-6
2.9200194486243118955328835930170174118068071098943035834611474169111114593739942989774032689517313001724834962939033866715724171512461547314301480011319314326046239252478223052040640410672475332242585635019317112668956681073537001998930113877336456396437969477433486991743944661418600323831908590508	-7.49951348692619512897405308805312031551709782848598495196e-6	3.38151346304911824053696130004575369105186826804148869302e-6
2.9090070729391297445178784779238285261523876571960850515101171645917093350774340213127174355911828788653091992705624202125511985479531897437302949340851172892339062004065047564518934278483140913983992543073903585486066427694182770159065468226043314824860674349325185971877358939873032653467356358683	-7.7097935015800557451202937740452559428417196396563158783e-6	3.60408955591105619105443456994933767848215305977781953345e-6
2.8982121004491478202243845354529982455865854115700402735925291615107878451063234371260829877395449404156397275854715281827523835721557851170287428281549020445605744215176895060402091384837187367767853533303586811654608828170994641673888318169390273450287599947220863260035510886771361292263936731136	-7.92170811828851734914262114496045111150518999184718448151e-6	3.8364211533080161975796335569307644269239465817420016248e-6
2.8876288460365064182726834191323353923162716022376138348423982732926247707626454059779398478159042149307553377899234187125383199872082873200927240054690300057954678613528052645779940474854307346980392079338220071167408683043306824893856722105407593151346825971405396149087535038940203660365120830514	-8.13518435836606937726462178801570476881001539305308385466e-6	4.0754075570811971820747177926998842697196353068337698928e-6
2.877251809208783180957692896596582629530059252073340625779891138975941503100195074208172535667880445473146438082637178108778888988652056917324244035005101726898039296745262041259065924906013702965309599469957542122795823132926514585655945633792870703305750941342606142066236625163050884652285976064	-8.35015324975537176801477404613057911667198670615164177493e-6	4.3246033720919750424185231076158977328888169668340862202e-6
2.8670756669505461191843863723218162167146059861467327017998719364016215161861829306223574243013799350452741051673208612875033441480972234352631257604962893289926756472241852816963209526568223054980948048036538854665151778879074187993276464328010422350236856511478815441724384147066672822937363041958	-8.56655501584792530450260325400167709080933546632819462527e-6	4.5833425490225300496757733237748515225419165017583915541e-6
2.8570952668957430238099180522567272296681506555970084399347615001552610960560886797769874426706190932920420475545158975461723188376863059758082432308560454513610400783783667192562002333639082235252630700252454741532938682007228555732478559896074021985963473212104257779436613500178277798010812258904	-8.7843645311077693546223542926024999025288254687189845808e-6	4.8493823119922638137223597381431519044917667656595040426e-6
2.8473056208045752867668733965461481727330039174764239503375939576547425286488040002330333512414397422328740686607698397528156707781979915973247845117167635687857149191425892972590720204733333220937118814772379779901936860784507283322705025533878625701214512825921104028246174893875620510854602336301	-9.0005603932209379223833938857345398610436079223987755529e-6	5.1301047645742049086441353290999878540629643336974981916e-6
2.8377018983294357965369818831266367186912475136774561362586078896814434995912054173585689164161313720393079355692156620324397993479782665472997340608516120542008391024942418484094295682503478462862566241527992019009855709616981632897357800029201716210533192169947756834899733397302478437540808416857	-9.2204366209446228817273806781539410961534482331528136266e-6	5.4133763564680288387713063454829732397968370315087221604e-6
2.8282794210553636103111547592626693701195191452704705527690917110056063633866083943108304168601841762338878938451300118375383761156698053943311809734913750102707388930813775986579342653924539214382095290569903097762434931435937445391187683433107090271690681039982502269157647317141796597834750079296	-9.4414046674447190001535760489551413584595807470853278359e-6	5.7107865867474413643562226767524418908262771439647244192e-6
2.8190336568012865665397089880784227774773114091094997081722017636555219884336233346917716039097432992813452543947381675721662312060219435797328938689330095336039932994481251070677047275189404919110912122061075545306909590029687341022020952007514486787811480262174908520370833198013512026687626531736	-9.6633931476167832965954779578511342000560323634515980328e-6	6.015419623228028071766940041908615871398379538099006728e-6
2.8099602141690906161399656799746473410749078890615913161456383044694176917436195931023523589447356899592633288444375312670701404385199412030006615159647947047043870663560798417718671752729477029447954087995434775558777665611619448239313548640464142819254637204343474211081880890876234120006464206064	-9.8863317959770665013176378232008021356188020754097386962e-6	6.3309303771292462545127161877439063952354179406826845991e-6
2.8010548373282748716587743492628665851147406162562762624174644519373547295977351827134305658484598463004329532727291081730525145488501564722049434526680099042184570194759235500049586131079490800968781403390842339430427367611623284710639273457529023278669655989899414106673399939505194653834821799973	-0.0000101101514649727645413798248794859397369079984667147532824	6.6553675573035985642024115404908924476271685611263495245e-6
2.7923134010246274001768008560045788073736691605073875902365525199109266783387258415845407995784579269415351655154648026119803848501502852565402144199893041160223193259481367351436264862297878856859998867210985044594405946012894518243064796839051937067460428637910076724732627213590370694091589405168	-0.0000103347842184292874413263502037519620554310630447861965955	6.9886110980568246795224669283136095278146086048696329422e-6
2.7837319058019915825619959996922026364455818597199005141556473465948416121437440382276570625675168137623615962884056700061053465158678905556372827330953975723886371765950321923387507960905078396100230857675020374354347309616452125575489790724879773929985186544942839205943274172347763923132886511886	-0.0000105601632851459265092965609680411660866569830684807109568	7.3328569051097945973676662746320926045158650750016455087e-6
2.7753064734267891780337846468887747880327536536755736881776260010924073352693455108413475898021061623816083691917355502739349517987858807684552528651606741926701860083828258717798032599901041858654955399154835965297951021062060404989194357578382205717927459775723353921178910817650430218785610064169	-0.0000107862232252140111780270564608682217411659706367934041036	7.6864856945354485089043162719241751875011369782364326353e-6
2.7670333425055266193124434413162576376388977085064113485771924128244392323921189508654018365338571696550055616749115194514839703714881296662344968324673069943703989330494852460595551682298040213344065237896517704093164317352106255049389026465745324741075220322278989122174046573930277357465547701452	-0.0000110128997392241185189249446288592922800051318009483158262	8.0448711254161754817185573495185092763176802417999213695e-6
2.7589088642860378870248071807557900706406010582986745447747757967543445437448249025884933626514450609228596854146997982799637911540778657500175523751079042239788899819814761828033405018548170609557369151499257629808415161475018474976102645267755518237248606907297573098877767308859884399004841439852	-0.0000112401298892384441300494989377003423201321315467463167927	8.4186195693800047271747552771974268168718183470642755885e-6
2.750929498633712770529174852482506666538393318963405321052054821418486031108326306351042828304442641613167516597288774348692652360157308954217701578499326087762136345848722171494317906446275494568562122655604091980590000939744944948945076759536832864195709175820389787315058345282056797885940676433	-0.0000114678519910622250084181887348263243083103361356765450038	8.8019401557355314706955825074257332741219504845042349055e-6
2.7430918101744254578180144507743000694045409639773321292757839176239769547106115835433830404821893233443567142207329100722751006442803520147770618188022077368194554064244735839884089865503560125074588046150255360400467832073325295977380522382525337083215531461865246221077177527443323691256729844711	-0.0000116960057812705525270823502590303350016228800551009882064	9.1888278155334364947680106527790203499383678968277579084e-6
2.7353924645963171074028831034087781339943867478486427130586632959474599420695718526574400714787851631863679938514515253585227999522777875856199593711920764942683996079535207852724333045376613491507423795489775765473359422937003531154796353867152689046868653154895504207782756494608447556884616839536	-0.0000119245321680806639061836929279809093278890274065057920035	9.5953830078181723409307538737980184369056652158617547721e-6
2.7278282251029991046269727648617776280606678989662680683258293815797598448032485185188457291121507406675920773263831504551850425289137166262390759932576814725336027030822069652385249408933060960670136173746271925148350548559956279703401243193670663071927858846449805241432146306804441597859090296212	-0.0000121533734841824921559750899263204762270610390242129274552	9.9998481987191226725855446289203538453348104820139507863e-6
2.7203959490111327351003754040691305585911481407702662866192347095072809331232145958218204101968170296186616866791844398021600821923361739634913421171415501173794047559374586734263055687211287755415415613997338593813935537002353822690015788300767293949386465355174095697457991308619241176654365131139	-0.0000123824733997527925421334863499975726758872389281094934716	0.0000104198984674323401265549863264033151285552062174100668436
2.7130925844857075464478879135298728128290896978337896106654240935244838720587520946949847895307977248573250958026181504163861412664869987721012161422613201333019053988571875016046009372171799301568313012626490770569767503322532084384610833588031275118289794467680106987926464346256400473624656632134	-0.0000126117768813831777026154993604789498752959012729598442734	0.0000108456126254239339347065842653308929612813302128507165022
2.7059151674066861384678042318280165568206652913683530005225933567417310626244423470534496721237918899844567890935838596640681843472478575621486380570652579607728286934734811249330688792670660166270302674095791708346731387991796514522221973479897239148196829949273606050528301105961533033943671525584	-0.0000128412302998747987273761104619626677990144053932653770395	0.0000112838989498421082452547591456024519732639927845048631471
2.6988608183610088457528019697394518587060007338540534358724510802242689918559362859961057873077629243956136747890994092890601077442243491827054488625711812251309962116795694721648148564244675241504934221652509930736906882311102219288675663532955222058543215433137283425095474785777466967498855617976	-0.0000130707814302355958835496090159767575385789619556027273499	0.0000117307872627512216752911230645396763796831606365613510129
2.6919267397542589901180382056157844177861836821277908327382324982322288573332251285470973382160716793032920746173815238642584362147694829744940360445054914745593560582195149812938905792323361915518493541122483711591225042098221246536967507807950978879393640480087753284177857047531425933075970674563	-0.0000133003791451685459013877921157902442603302672026125058363	0.0000121862392846222095613545092154564678336978687266166241502
2.6851102130365792334172695356262370041128943500261703081604622917257664969209379064829432409276880088969714004761700419654683183074813562124842132149958091283158452083316790064986634825349306000401383774956469290639101558828209319878221798426380593271021321839344908753561350381255809584899423060831	-0.0000135299739475434555800306046176945739896130545774338046714	0.0000126495799641530785764467009090651736750579133289948166447
2.6784085960377031275224121145459500579991832212767883946161457195854681732853335082662335546926385332322982390667135545566280921344941036096813711162641629580763119572854730730412718640519314503756023753889092737157800767347744089155403723598381786391554982836385299952898767377343132133330915744038	-0.0000137595175648061537791359548050086034299518490330591995984	0.0000131229971394415021414688865803691425968000249266140174309
2.6718193204062242384650949976344040915496596825951610508345235509616296385466773495752428163280052659828475007761153328130084408877362515274749641776937207005976583874669009151904855767080711175958059260426333303142126619579137062770108903682074726123807044823091589884810504088838394552967754945091	-0.0000139889629303587271779589064082766363655119775912042864366	0.0000135996466595873407586946653352260789679321137228216810076
2.665339889148469150309667460464327762655367493851346173182374790653212153515285727007006741314435548031522726906606278960905251424676797372057141468719692771256168824451383051936500752117752405442271401503574545870199989974380740285310679506003340620804511886780897239044846111864377560853100674664	-0.000014218264379439318469460796007846815516272019798506202013	0.000014085458461862759863126216410873713337413614172246325494
2.6589678742625711036097307275034272114547803974741392907160064538051929927262612234085028580815480126897263506539715872951554738371825766393926335868487570856898992958706443629266462718372361127450711688204580917139839838496053023799828322734471354873426742340077661905078577937129116257024109634185	-0.0000144473776273521113146395769308627396912386106853061118857	0.0000145875617349421565190636932052515147638841661677695510497
2.6527009144635588081293923725961632483290017212085164845203411669733108365540675191589480991705445149062124849248360291294457887596556298379023236727784136924559539369220980209783795850366282090189254542761932383209265289562097706261309647254392826643730771275200830374404021161265244569380454660679	-0.0000146762596178402496779516399317116367976218706976446111705	0.0000150956183741989943743939912889678936065926715890173705043
2.6465367129954808512792941955756886583657944489452835575637829813822487914533219187226964951083900538809057234688991926148016423284732629233761463373770510662557536275836425497717656931989156963821852789629909260618142299909567717964339646457455933734050430768746422063023940258837295551518380146034	-0.0000149048685141519234623621403651506038134236772459264374685	0.0000155974355223234722187803503959396508474675704921275607699
2.6404730355267808141540857710945493603959940973896401641020058198029095431408976134789118795715816205614958647386875803805276287027255319983951790865456048878483406689945851339925377542658270713819116173020998401454374765109454472887316363177497112790891547178003238211195396203578495291734729165238	-0.0000151331637720995779046256802118471159783758313571052976201	0.0000161237751952718536386414211987142542546513261858384876744
2.6345077081253223717158986399365108497294829170246053444793794760723868388135914801973610242947100531849526045338952122490561697928106891061552610223695000755364576103739629284899869381177989541696975480869650869742353655218604625864355502967712656887472297310347689087765124434572157617017895142359	-0.000015361106345924782762189934214350860182694347487618400333	0.000016654760517303703371771457103221988758606789858368362607
2.6286386153096379151542916394779625257695483287283162654303300434991915668105963319247273813624633280338496868614564704668434777582507260629892180807333414606078728668652177847294004151996489265750421350111042877533939468389979943806813637992065814601732533284898479345661001071118858549575412510402	-0.0000155886581746413615622430647941451819882417889970842832421	0.0000171874473198909993978304341108676741509660328669171299726
2.6228636981731391754132686634898850300434607241834920479701775005632467241381780458320405624285528453427087137667630661269826913606479457449965443380476600380644480749562406942842461431880581646859279615288582554250743258328319923507325071844137302421257815122037689921967403301146722415616827347484	-0.0000158157820607677151236147127188554855022802109709555895384	0.0000177263693753871125444560593570628535983931693223516193872
2.6171809525781844927596317715603689543089945491093430788596881586307393487949627622063696559481664424321592594633574829847745355109200835096993964543328564715404984712520765028277986622959099936916907769452879251857996071151618137582418512770207528832921829436027062299528433305859239613509513215439	-0.0000160424429729667545866038132060777615942431723195974767687	0.0000182861240439730880918446332131258429604807959461882390744
2.6115884274170452788855398162640133344780807236159903790623620805313136029326833116696847400073684185648421004544491426048113205109858846151328758895854622012711809060132198091653520463618765998142127879254323433381879146199347419423740039787045331172783179753820073321897723929950526727642519645866	-0.0000162686060895971876481006292215960050813049482704037417946	0.0000188356610422100278997882667008433470437576066498915227652
2.6060842229369543339355877070758490594112653292550904077865826318012224347399634147492270967659621254683285190470750823761289565523023882814400601405847128227114869495484810098079288404601169597848455411973238827051328645712875117483954039724432608456062633842336141306025067287167889935897275572773	-0.0000164942383304520172554196947390546533599072087977098933925	0.0000193978436751860770210145911153640865942077103778349254573
2.6006664891265514594979766001672731247563456185340067259890387371814252375145257842685548090264164508571087896121479764886931555639043186405470527957488010023084942100755232617708427477777634516096262594088532607084623366963675343183758850839634195963130203283027006977836731330350821636431915051371	-0.00001671930748696252103581715878718177460894135124787592628	0.0000199741887244535843964622616546933720216019738518774563119
2.5953334241611676704388702697457223770891813506608395170596756650972246614602183091192534145670662558037616404893436984841000718264889181285791154022559022849045840146735419815503082464868196216872537901384096722968707443017312433217067507769852963211917499737994491923217366116074602514421954462125	-0.0000169437828452518289886747083662201738096604467663971745095	0.0000205485167036895299628200879038524713594944445848866709038
2.5900832729045086477814370555467524602993040551782544627314577194311639472411902390566588274550436170609057634748997143618857809224416977529298234130496226115666765355347337288521935456496380699172765430170666207530341761742504382093419034259448821673653151698152057635974003879362281725404487089629	-0.0000171676339988945429678826487261548279217057899500600473009	0.0000211326226527545490420980900015750651977380711403859307916
2.5849143254644112615354635297206307284886924707851705259565031695645977165691612560826770651558827742872314700088943746596236587213096018873037543859586483540367137716408394621108796085860813432263709169240498381974214545962174989446750945278033449271255855351242285760890542433913809894591237514455	-0.0000173908327785234669965217724534674106781092281203837613658	0.0000217144871709397781624807729910720344426520247385596822627
2.5798249158004543736019064611357351339379213886347529743467481575184733118222271848507943164317230544106148549676499333359209311751909184664671613338394978227113880283610608327201441831973323813156044592902859083347626114877738295321260877047188631295115879365829236288099628183542472191836226818083	-0.0000176133511959879173142212934896794132824427999768693361937	0.0000223186060752156300801525938420095052545952367807047539179
2.5748134203813070324847568898340153394904048257154174888466715073760291883386324487255535606012417548860957805433368371611980796549646132230781005375541679937233912969868509024737421972558778752888428245269614994924781769389335220857396480717190779811785052890068391588697470836199701153452470700038	-0.0000178351624266195310999102152450865339456469810838154991542	0.0000229202723904055417754170960623968995614332244102848884267
2.5698782568897938995618436506881832316508365007252929335853155025188817519710809924359064072647129848001709819711666701735392861864411458139247073186241726221279078327006258764518504091168939387254115595282375592052315128173385984731578997989574368721810256597214728833789009278618618560749542174595	-0.0000180562408261025076296125111597153290116210047372443507621	0.0000235287208705347590564445124047340666809032799794113083521
2.5650178829737495885684575808377401045783965309819036539787837011135601382118994703584550331212347496160291412993527037361655448705630822351279925523275318561012385195383035266778639231405059344479155963722715708806094068150251630997248038179176153393668823114162151207676389575990613049282926485281	-0.0000182765622014862097905027894264993947394118796123135329629	0.0000241343490985741696507660566872349185386683029981695777506
2.560230795040820825866732484254705733608431977904130762434063694702687272720678265276726141636687852052678052109201049744128033958041290604548235069057484860677498036144412292164647440483137185437944938204605800612669616298181857810515491469900653815219739929983855771450928806511035434441732105633	-0.0000184961025626101448746638491148293464101699041678479428909	0.0000247442129892494764055145910911461998341008180258804471925
2.5555155270954582029325787434504446632311414230245536608842977535028622618976642699967252808601998014105603148443440077140157748044786912313710272593287268269436906318840993506583804096787691373455019603693062897727903774159626171737287765070187129373620424579012144722368950268293726268064455143219	-0.0000187148393398388137885919798399290369209879848839437735293	0.0000253784469020097870042372645644346227678731223386629196955
2.5508706496164180330514732697476210830141641615415852340131949920144112997852741551658127107434782901759095221177389101535569189683198386623872368586954711510416364353526136187988997638706294551429149354984242396118035303115776174353238401575684895247392318061064869605580272503825609855165683221304	-0.0000189327504662991572637180849920847656486825663211643315572	0.0000260072728705494496525116481380829055146787986829308499649
2.5462947684731696660491930581357201491266735228798291558757624075224166285238350861826784301217015351946017223860146729908808403699036258649320334319553785104893604083832110355356146675333268650407074419339489513828290061221974641783951678988477421657360356422102139618990740132352560720323472893382	-0.0000191498154489898909255895758769067544456883341937905832025	0.0000266366705233976340118634212883540152564066231521221535236
2.5417865238796747692906796689663739832577757013069219274534912404345716103876285189110798540750215384156832320542432673432828650753073651505051492674488929987420430435879089879605935330477294680506196226221263534818562009898776106975248177679474038381996089388598746629698954762269033974848260052881	-0.0000193660140867936227026947628126513830667508930709306763988	0.0000272779890996233270375825501076987760139369283505592172671
2.5373445893840727490253532211681830467785146051268713705044287023876027212511963218359920988308022377149225580768875356810970926549498554474936214324406673463343032877728386900636826546746849082764242016735915870891129623588087279489180666808529350060055978690812484109644499811372201414385825306371	-0.0000195813276422367737698726238335734336333322551538740040567	0.0000279246925194764683701352285238407668638615150803341097062
2.5329676708928708506632039211060635024290443547280598771171744880397767988538307169950401351582209740748179454009977001710337011989504874541014574350089965211407053835301600534512328757596779382655396657229718065055321068188728490418622394160645316028585290432076024770686632625465523743263119358939	-0.0000197957376287658645761631672353196886188602532294549512606	0.0000285710580699132465627764733533745312449714395619058257964
2.5286545057282987160477209705360184854069384601501875359836993896927004216834145275240318794439406371507736069313745038566587445456436184781956789425297765127960154494410198654775239078831941546944297575473174147240391513494008310563011793316016629967574482789064040894994901475489589993459024983211	-0.000020009226996341928388353783973474111837061007774639964327	0.0000292092862241557689648451998784693888194017810771503461907
2.524403861717545456341170261144565697281673080676186474408543843737968165722878653618407236382431801471326787587840054769383810952185622615017553785588495305300192866510797880057947873553424824756285470419875159170386579055056041806244998335369521571942715380798546672287093997554356935474071291445	-0.0000202217789448434482355344773115098361912703393011095617987	0.0000298748768768352213769357636444508397177821366300352907568
2.5202145363126527772630863309366929025971780277380330072359119815438148022394111763317310611778865955812500829921603752929409304822440529327656342266261712323624727738731049415529816011068764688607925454177051867323101935195444616495009396561230143325725228441325734616630587319032462655457769712553	-0.0000204333778362291640756488520438037995083303235268435654545	0.0000305212774392097036558049188816762623284164010371381251457
2.5160853557398905166446881548845997827403053881448638463351679720369417028270559724321520084249862490492382720461066271832699838273737542498257250335036944617448384674868628581572303380504346705744584064657954443384308378094988061749621654438264481842383960600139480042873144364991077504533497610533	-0.00002064400869131664801688576839509506304733185096190848407	0.0000311875821929877170800593914139270884387888792592113354724
2.5120151741774912616697198179475738597325609305469170119105580797875917774344452525469573780863631266238023411346685510787613503706346906233950878513329582677736096925541096708588103130682500412405200488500222827704292753432135854981058475463133982927727989885097312837227515484620577121135416817678	-0.0000208536570859009533502311808968798204967931059507869649281	0.0000318491858218885267231276740523050112496321294155226897517
2.5080028729606686359438204677189403090580955331018044446778106377706740116179089621710235834199160403578030566728342436053313078209966333022605298061812356006995571215624306965547337493876096075905390285931573050177312039063914597290575874116216960753924876444184924086011869454288644696988414513521	-0.0000210623098437409001299178222859647312578933508397514201726	0.0000325236344818927987635035528260775477746072708397995505894
2.504047359812889508421437615511522546203214322153419114327204665255586265647109595301626201880495948420287332059476844407661367276541121992074535521422351594630150770992929966078508574870954403423247406011312225364409323070115808922255885651750274056454136101087182399015296024948484770266551092284	-0.00002126995397380498957971697782316882667113653351613120267	0.0000332016260224789749214925847748473071946691628158171063828
2.5001475681024138939999634385460947657454653614797760930893217865581507185001703727841727915880146516490205991891375647203831257156843417421569825457061544516239252421984768327179321774056396935044301407900810275885712564632228312117805469668394412767590287674343051266304338899798713776452021762724	-0.0000214765779021356018821689617513350514820455820960435848941	0.0000338622162819487869832089767549356556828264381175693976035
2.4963024561231577994942636906223600310212378322622769121068990018399139283944745287787840621739865776700266191676817753418274755575858191124160638479547436783181706913993050082769441707268448903282457940391524863832524218620614418473069848794162446189749665859327872152840081675009180716804422991854	-0.0000216821701760473679066075647682543876103634450057337308067	0.000034552548323640207527303955365048375634975973766595002897
2.4925110063989738228068424749372028162111475669586138903328330578699077826649944046807947095234808636167593579532253939803104681706653773918067980099553499617896131292752014911289493321522108196305697834041167968340600521836776912728561436321538100863117115352606186113881219970846257495389187615742	-0.0000218867195591152848074048609085880863439454878908232243911	0.0000352337710010970027076165805196945563056068174707784407639
2.488772225010482035702390301103365526994330968708361108988577119604788362994680981140243206462264479529326442297057945555001030254982189675133467206341623000878328032122109030265598538985918600490100036471546649803685557968029316988375672507203266879799941115526080862512036092419563058584606536254	-0.0000220902160152080801687466719720738275186029380205318519088	0.0000359111254922372218361444589517923956225074612582764852093
2.4850851409436196645368282476653096622577247782707434346304827404872800685408309954723346710190213108336615302415876887074645096138067333843381537770802914888590844886689986260267226959457647978580980182929253324175843348510198645660746604951744745849773677463026827023073750587731921232960708553861	-0.0000222926501356912519735742193562779719060820212135158357546	0.0000366070589863279913904973345857504820659886191537090874528
2.4814488054591124163244431242544448377183046849946039662201097695795393091590070284567767355816996961391343041198246011705697235224151674328763642632447065117580732559464570805561381880731143684247292860549133375746920373090628604471268830595576121818602035940032046557633126659210854833259173784525	-0.0000224940137977582196112901214614832721557558464267824841677	0.0000372887188447057127590003371339448340564869604942061136938
2.4778622914821030625878973768147671782534938465767391108023728208947533396344507449305527146995939541407213398809296797414184742478246761297510118713155457461718665374454991638039157788653635142208229321125680189666710796525293691648502276507079098447242242586198745579473767069990839070109056953712	-0.0000226942985355467326914188050971816727066174592950167439853	0.0000379777666727074734695744423925057596152288559458961912232
2.4743246930112041689359105519451374774053102012536715357635691035941333664524688711530149359066440756688258660799616052592175831864178062396068806239654589210806607065474728122666330588483482105054517544309162747353870499425939512042486860945359610843765808612903460885018033351426394371315171565601	-0.0000228934954389470663652697575438599932275315853035213981547	0.000038677081250913929873206772658694959754084337121990389182
2.4708351245462717184050779888392944227798078497752841530887019663461882135577660026614520089398361392042237106352526724884957811550040012032810231921276816807914430356422868781325551142154941147753206055454988294547175287149607188042991164464929250082617792200861033472689545006986675776635985021612	-0.0000230915983986009280486578471678897540683157804050290813208	0.000039367692763433873760773696033800818479615537843124704987
2.4673927205342248914295603527087991590390439451861108271074194860616040058672305092153188260738632268587704376622279635012242384487443682522619817931964143796262220412051026720227893411361053722501337593615509101321602504962313052108016170330180982532162686814293097620070227259788567588343105093213	-0.0000232886017206545791042671925674249834025209407782545601796	0.000040066320664471374605935528437137535008549410872389864045
2.4639966348322645012340377431236553043153181123356172591589020705701883765962600310056990576834037201599985038923814549915529609658378552037531963896781343360253478495890488389816865350525142544335744849607513528228374783247414936662579915466239709861472720088263591316232800895834131346067564727077	-0.0000234844974963901811936553017465981450252142155837924650846	0.000040766389486323195794727869755925204462491818147649214703
2.4606460401878686032941444228477110612360502816076173876080737838321038336590007021842647101572385294742294329761592651568105988011760979905404410393770601810641368951220461133778943079162279042066354862427133136925105902319031937185121141440411028966500547312117767132109584139394468995505851209305	-0.0000236792806639722243058867823282984865812599612232569306929	0.000041468571847211266508923387612054750775881994794727915499
2.4573401277349686607368222019828803709677988092921217908384519541577622988599792594781322864499090823595370353577527423831976218829840813797554002851179991281426334121490515941384338616367464352225606939545788928814796140457725684331083581577136153478860480908295327103634063711327829793171246956171	-0.0000238729477844718845721336352469421281804716379933207911456	0.000042174633835243786365474240739761810005681335880228463342
2.4540781065057334104651162389351942790527283998391359338350694523198314607977096169285175950778281500608558810524287599712947442970709480345348855471183064087503778460514589895047507216534726626971764169398180974049613219187954034558191129977349424596580931392446071161365881639913033378807425655696	-0.0000240654919513343848291873967858679904100878590246595226291	0.000042872008155348030701568078562078950634358530847305733508
2.4508592029574102907154462189279250419837763410538033682085334596717205926435875034097381366317498336133100959628924441872197815378239836949112644522664420292655278726236461528942576739337063558984834627656498471732916055482656877348331910488871169922133412672843417360519022739870074055398500069021	-0.0000242569099414658321041312274514782837272489177035172432473	0.000043574739598041578905284989897356595456866735450185202047
2.4476826605136960102107353932516167109322614098197544442005688891025730131608832268409422890532734476756457422985842709124399618725847435550486004395321505465623437093353708512742743340792284662282727206131470967559289366201083546987065445887337505045617768102589299009030314273915945447534920161305	-0.0000244471994600211485245796242247084646698855968879756489139	0.000044273750101290956036263051597447839119858770713843912653
2.4445477391201286099326252407667928554323096890454669307379421090786117624640968313161940546559693117913134209873779737416873606500023668450100735175789917484334728471601755228277121836486313307340819797201160551257204861584815512216482733046131819484859658845276708138722988631151933146450066770467	-0.0000246363544439866111397087783189025546595473046872858105171	0.000044995088156864359035533751178751227077220337225929968828
2.4414537148130132361749171074242866649740117235948397432709856341102124948678584575352143959889446536362328686583073401587548353770475029859758638064910031124562729033044138972568745145559670406686880168970944580228921422604704765956201229694030456852069946967974943054492851938979291823058455445706	-0.0000248243746029916985007195338900644873816109267591929429769	0.000045716900672386503185942670086222756017316335430412261995
2.4383998793014128509754595541530747020097889129752127305819963616668010727295978299575871593064422054367536186349930236291819072442983409344576138924752635843485357316893063111956163131070767691114227730464056244592013823207325956282896549706472543220780135837197583698656703649324794966780938674761	-0.0000250112562021820275356458972670962539122894705710411558708	0.00004639608156375152839708795599848534947191044113703031869
2.4353855395617532940466793622624384972528802045908275539086190973443085441098952317956397979901590925068719708084292930812173360307568382607731174336257183569199626165995464034467475867015609913419400718588061403226740887058313208670748924373257088834161285198799420846533351839215081255103061875696	-0.0000251969972235992149210431141410621225327344927616656635286	0.000047116870816120068464179837129774634553515654950585797895
2.432410017444609517626395878787340849129091974940992360690011502865839754557576354238702963664767433072299593638663560223862732499926067348339072026198789849461993686982866831451486602732422714598124836998021471955150900920017328963540930311123429589183754749782513210867519120972008542812212652561	-0.0000253815971377920000688253458061179981895823882759604066734	0.00004782333147298474648125110102950629863924978092839601294
2.4294726492932564789565952554097006372451576436715408594341559098246465698295589886092079647901680057161867469243557559745124499821007358899614556286587401763019725533115776413146763772975133347158500191518257278594051806779117844095175581794891742568527197496205914961498350402112164920663375429559	-0.0000255650522145223026176469282904399436251895637105261170332	0.000048534428671801996400074394339754024338250926530569866272
2.4265727855735841291999707727599387147798186686284687169717030747585020866779973816797772069134171307682962750373602254812269478545621888765085917959599948188185386434457500008460460845564135397711526891833075381105230809896125077113745708305103342448627957771990205345349866220146865255434823200757	-0.0000257473650749213251003904490702418734056410589688227094904	0.000049246337649089023336751010157378049034434502831673079151
2.423709790514991215582399440704082499328467358291585126474170104568577174966356131301881169921529120663058274625627095633656795628819546921750533337799921422200423795870727359939386407042524580015839801690980924272021427850016067650326861269045616558883042532257152232184545672081101848813868303132	-0.0000259285311134522855882465239995416125330497230727615193045	0.000049969618727170228941008216879849413787294029067134226128
2.4208830417618872467900861919226860889786023247688006445976372472844213832907532855541947314412427233463647101554689334046490922756246777288858122966421650758798105319402789655136462330646587758048333230823502669743420095793546146093780053887522323509761863606181217774465456393924166842124858399708	-0.0000261085537273012766128071359041485993436408188721497285601	0.00005068883195718433637223489390442822597073788702599769375