10.3208830417618872467900861919226860889786023247688006445976372472844213832907532855541947314412427233463647101554689334046490922756246777288858122966421650758798105319402789655136462330646587758048333230823502669743420095793546146093780053887522323509761863606181217774465456393924166842124858399708	-1.46554200639863423362910013595706006125944873955195797136e-15	0
9.9667650439361402486620603438832192779702220902175195868020633312677785503897541008537944285099449755540867096635634003875534575619196178445820486868668369750249565413810765943645354736430744967450258666334540953040681414727668043957247309941279313958821081352575209116742164405934985645734443479759	-3.57420333118047581617620626527633373272842102570378589295e-15	0
9.6350146398078365894004807138268591871790820170640359377376062113509536121421982428384957124260395240371865272677340326945523033414077694327578135915827572135210161675284638581171483170363906723840594022810830295702884294023557127609900200569813296083321009491920835352758372673054089174181248566509	-8.28412758289122938518540524094174707308196794041134087369e-15	0
9.3237869632187573250739319577353084244024183191114696980410267516408892431392708483415326978975826681456824746369566833301703775887340893655590387369941976457095712846760904359208595895255807470319483425986456996005951949863654679396613992749765358754153800430343280589813046596449212949478567242858	-1.83195061354774426302423732394539461142650155692342365664e-14	0
9.0314235032938696091145976706364911905742433122415744252544492536144947608778843032304827039014366874015041262440168612431306215319463384415976510389216023354265778225742370329345411380565670491503324986499933073285231868330645189938166181239380507440318387157232563588678869695552891526504950143049	-3.87905009419533555903204205315037390789027785578535730104e-14	0
8.7564299633403180176287898466835574158585670587297169384271812756121595116593661211755781692739923500449024562720277718117091833206620817621733258762622798592443799418268138267678610731405444989068466359458991959334048431256323042437856282218396558939353057691812906686795347212897495090417775850345	-7.89003220732560568138906690425977366868790547803698292967e-14	0
8.4974571291059871169348326254516210585887823682898546734335565838424979987675000606692541946160702098073278269743002870836373004333354433480000729079508658744373648340714638081890984735627638395946063286675268337300369766561871936904949889563311054362056551298763674157845014047884644850249176045786	-1.54610856648275554612095577842340447602151827790944080816e-13	0
8.2532842878589010001314375222890047358907512373014381723977770627892904193806574800193021225555884746550706007178791465091031522557235557694102121405522951761025672312599403756185102843925018575762499288029356149271027168538577351855648007350213418695807961570361383910991611489078987745822512627574	-2.92656908055408224270779452684903548701168254689552067293e-13	0
8.022804816878834641673459458976748856696467748994686847581929074061447904340065680931297109307516963633891480889199856237575595307980133652375357199898497168612024155053799323561851503898846979425699391808839091151601093036948033544673477869872669914039523536218919547591818197215463376531767049098	-5.36390964164872074779900810868999564845885145608390497695e-13	0
7.8050136229320085359557982942609938910841305788200224654475058465365585073572740645977209413278831920053254017673363891718963700462172081558432473631148817610914972372568562781976336919415867487086768121339077681843219637473831026495685102839154437644165450834725041879321399290841980368305324550585	-9.5403001630506870743323731378080979945649188703053342863e-13	0
7.5989961659328414826219447723661758073068559144111613223827180809607022064128217892666586624691270728136764999525763555181189899252912160250905705440582723023477622274571158879004786217924503891699655544502160277504408848574314735605621186819010051227856939068288536068261839989740582678297440214505	-1.64995500731687543539755745254555129041779135558347870806e-12	0
7.4039188424921797440991943240236799818393907634717995194592333536943670539721274459223239360394408464218821230809828168133395482383318060545196683685322211808216841294308608088070302514079349993570718082937496232972058955751613981991860659537705969401900546085051440140477933744069122510243582302415	-2.77977298336194507318691827789829115376291540454465169486e-12	0
7.2190205401570572030301042789250578598357515139892096821536530737315949308152322890456285468161974244939811013826119298514334379376972578137164587000503092805666718234810882889170493367265585533203696943330720293161126659162456673531782816905051822049113315475828002107929130035001582347831125526224	-4.56988309199226908021044861711708794542644167026961371346e-12	0
7.0436052022522429496287409964851549133344634186667058142535354856161531975683546989045649137832334070950230421594621595228556503888758936047021565466399680742720707747941754157003657267158812000656072823098397149974688623232249362814888251428086561824544751477497845587555605782368091215989772858156	-7.34228240926986594552912820111650113902233230751452818316e-12	0
6.8770352674478018243120572320042337228346368416418864635224442176315235033661608127834312600201127514513655491714464344357555112873247466336058393217528893551946847699835940884758251945039138650205583459314378769823937531041671980808254947908487416730972348171917812693765853462790972611059160348538	-1.15453003223836026612038409809720375173520921467973936322e-11	0
6.7187258683888535500413210277707467121483098462991395482651426768741951211036986864110025883552007397044204725013701368963523883282329077585221903147640482989416837092732098957072617935353959314282765780681269620102474735035753894197787812481194506741756613158880716469701760076303537738524790049523	-1.77908575928286675415938217701465739772050084001667302719e-11	0
6.5681396906494052002103918619712774747479287556914496163312928405367475606923163239724825135506307545337903691056475596600137358671885683143638576519174654561028553830325622100990648586594415881162924077870605190382149192613550290523052415186508308634538518832363132871600425309991872366194077536209	-2.68987080924885465887207727596074139897508348335621750869e-11	0
6.4247824074898820174382707732571932241213632263869404595361006501797166517493776312059562931558676134856153574508115118100973148365707320256703380115394602879089160843399210765244405020446326997583765900198907666653240029379071603661539510819809230812537098764123511384305054273269950805217818815417	-3.99479405658157812219270319174003658347469860522210493479e-11	0
6.2881986178768459025931345201837635971163815686027925268472794360152821854213405997974428172810403004356250005289533169517609676386594975215703865543229832889253712922158216092849880495920344879015236830921154551733032069463456608293361362735390000888651994606197132329337896712307952750800556557771	-5.83358007145168226191599190666265402045147842267554127829e-11	0
6.1579682253451653218692073507176171049841717801022145260621474505576477053072289648352607542503043427945319250543187171832765356863371160605860932371776215864159652559793380977142944111644513475255943133899681450230040308205509263364516728526143768692673544669363730118024455237296527454480223332911	-8.38436491670735983671807626000381993562642606540693678196e-11	0
6.0337032038594403097616982293253343654593510611536798790481051893969529898319218009036383991245291906689568183433967489414096748299010245913947396140011083865322740896418654978278402655005843902731843826903787687082197653436534896784577256291329018020777871601448760292377116138270556800962690322073	-1.18709609259407735463124917502670158024084279830328661504e-10	0
5.9150447041183774224659582201364232742388650988620875631792871444883695314279192259652725606801497309554736878472742302272613790706930062913263919103027225771750432395072582517431250088976082093392864875713798217059222535546841023228912061200854713125059223442930147002644352604852307687228862289286	-1.65707192085100148763329324480564899341022061269862472989e-10	0
5.8016604599532039966718486242582401085616713985328824445272769831646983240829264618626506001014027870588303327739234681615021293139401571891091241764559072977397044312422992408307665680013187678406234098708290568976752643194218320948954440307363861481978382925739833161225986830643747474629444053426	-2.28228927568640953378946750801860487178646623428286028056e-10	0
5.6932424597724488871764674816979474397517390231754965065785784727234129752073147815735456325390337379466108461203702612885855017614080308312957955396844393048609979920270373722327159883955512552412085520945100559230364003955255028875617946657028071222757559548976038139190778344584800233330400297686	-3.10373791796101329891067883116093121237588559580593959199e-10	0
5.5895048525439109686769060123129537665004884235207918809530913274224749042701022648983732457638600426115558189837370420539655170086367545079672085538121441910066786350102904522186542532889463750479287835303462814609628944266160122578747476017453640065672352588809039264962126480198571969990170607348	-4.17037014248466262734523169551132539005512666700989481473e-10	0
5.4901820616993910164997857794212732081729551818436314326760205628432270278184817048606680027722666292371385018693894074073611758046043108695172989755879553596945587136414155184623074273628344305108781713534437186094167533467200067426962254210812296691707963684283662228230310566247876669743689527012	-5.54000684817091705337057056347503662590205867828502170341e-10	0
5.3950270836978096386164328362863486015170418917922697054427366800985499922565472651406709347444938377999071216163569847686844885092222227898058285364083337381918426772455604625127157704901871312928539514878476445146029137771196632604222746937524171220581143203989414766098953901455018383812816025904	-7.28023469954495398061681678564101540080936010142390069738e-10	0
5.303809950870315613821258123050358320298561235639537292369466958661858153360280622553924797883689452689683983979795703314361995284254706355678234230900123796816298122593860743127769334782170469572773235627930962859067435730278685146834494053430365927225344657487961051351327128516848215467079456829	-9.4692770123006288760924330406983058830082351887213214062e-10	0
5.2163163406660553868095489192116303912667135733294598735204313131127675041734904196445472309896838254487751959092423582061719920124062533668160839147445808000793893441445407132134736900477296557993361174956471955297280377992674195928879430679779884239666614171455705892913525926565696651274095348063	-1.21968213268352714995223348196936501434907667387762399487e-9	0
5.1323463155774379716982843350893816127986190165098279501513489313892048563073852263776959851211866092392113921399496952400918666798580035707553150495681511356419191100121443866279579072208576273352809625096886118603455060540899617901222418314218019400514296355875692936274314145553782421781217397769	-1.55647879947144412767301247602485212393598816061504148062e-9	0
5.0517131798977824400206286830949324324807288473282556173629982033816529682219037871666389722630479258350340311860739873344119936681997975741816039312485646715485173968233380359430591873160104074188563125110665289816198246701211114666930374997777693403798679924770911353207348725654850564104511866108	-1.96880269254239787392218672753113750213532619685339415831e-9	0
4.974242441093316477014696004476974459063021819373436192499705269789869054986473457507328508538217972097043247174615590123075163506992792653472782619906972704437741809872869802115764040755559458567591909721442614819583583215409022893574580586156295071639970507360176299403515953900090871569787077844	-2.46949347486677361998513185655258817215903459333850365593e-9	0
4.8997708649903734971835247098372011859710113236418371053567632926975101040162016215691809596376664540831322957899732300226044973293495779427523011253910424723409895939124388198357586755816117733098436056573973154094454360503428081623996760761183753320562686183479560382721488248781347540274862248389	-3.07279936472195431311654832273539464538575305441220295726e-9	0
4.8281456152167669778442720957090221679677097090077727088711947406121276938780498384135602200485825576721095666432910938681121298400179000122051497445045537704864584223292218745059968568747898481303333065434195809598193997093399479671112992755752818299014000019598064110197504328733899541809343704049	-3.79442491925849382318999786178365145466927165450583209392e-9	0
4.7592234684187126561460939025232274380778848295823512109216814524726327599482017560933237389903836925686738789123465029534565543539445035894514886947706490160979008010256858188290383622042643901481818111148353276813902734733008065152868859100353481668767180650942072776094437752312889281466367838658	-4.65157741673776605944204440825079004114927802177577055381e-9	0
4.6928700977226028184877998223571099546505094155143155936916471844626755261276364870830500596794221040091334343202332640678590338262008092802298421340262655501198082364984166982755718292068349870052458840164092412215744567010908761901839194699750835364362169890739347092993602590758995497569253801158	-5.66302224871010128500885016152205829015895641811443066207e-9	0
4.6289594177425595935644123613484968281381317920847283007428347982298210060192429065995877678451311751910566125806169872865318332916114859602438051018012750300640958861779233240833997457911813380878792592599131505982621187564311991572712822658295486596331481567113523910139426902598022935387818631514	-6.84916941107667999763942511827020778990881703211541635066e-9	0
4.5673729851655138761984838349948365766528535833701747581987928922192782268549508193811854797575866105500809620030671816168584768977173350429595773246344259417827976672096285721661516955209842350717420564887521464577224970915640415893020695434727738141058497714813313322836439404088007006740126238531	-8.2322392397785463062530012887178934308594590898486086162e-9	0
4.5079994495888525611231007471169588538957502631804143369497141987308293551410741185130269621467807548847808995946304209923153345732997692246720581252433750442421997995266202790897160478076595257214089309029169083525079533973452578562859021581065311356234822170813064524013623310530138972690463867037	-9.8366225779802015027347424277813701559330376933833939825e-9	0
4.4507340498528426785825374238893228986027478494502019360303552975903135678105029622960784934047803861444412427862733359835101960729655745998232479891737580348998864466314403238700294724239455805585971789292306779484413402567113205615809939379217289697562599195669822782022137383614626271870192348513	-1.16897725184266807099613598125005915139271704317153291929e-8	0
4.3954781516108712609020800550065974085080849459692491857646423656217838807748664655786843934168825283004239019450417569271460628540162566864981531172810368113685905774233306721934124700635358722859931318618786932878122649877118621351713606032554752937283649937798129983617182896558291177655250697503	-1.38252035077583233386778424375524871501958264522701659856e-8	0
4.3421388223234700483088253781273242541676025548601441362877218975674392699701069138312040815069634959991640975193225003568690869571044169031276521434473629664391295044229750428065742108622433651364990870489192270000915455217758373240336185540398401534680141967249467622516907606804587410081311304063	-1.61777188828382837042294890158601882848200274857222623557e-8	6.3253820500000409705410825238783930475973088816335676629e-21
4.2906284402544032992483982812415221945758403731113659572326559372751188554622199618026039478084412963313233622686674249334086797661807833493949610370959716211935862479090509900710922477643661411148040594037098354122504361716244186602695727625398390039993368427213171420562672500092163939913910079655	-1.89042252513783652108479917838941529725672842865427316866e-8	1.49829206636746238287298288385705202997569922849444863911e-18
4.2408643343950768930304967733909991377241306296862442400259599209000738372087218981413321252289265779935029810166330336368393069370274700537924251805308793254400175382221701085172674751509732029923367537012405058497935577816431022995935932783173702894962105069014248565458588013690921272243260517361	-2.19825942606016055795541028775956769038359932434095435243e-8	3.39386874489626552134792091551947238296598053652313660449e-17
4.1927684525526258927479562494731991312676707661526005217990066552965042313504867964924849127816367570674189028807556109896763259145488259317051451980212980625226828233955613265913754960863044402581918866133503776387061343470056047570949903935287951778848434354027224731098022755710051671165972598138	-2.54429398996953202391462961480033513347960140434457181527e-8	3.21075466598587995245880920811385835277776910260486460873e-16
4.1462670551119816470420809789338269190501077912728330646959969013442036255621559645150581751366555403704713531596509821639415513164088578323065398079563823585000334926493146133305809693693184053150197798895987834200975227053626076580002396215025504816030109035066103691274464993036538477320410980494	-2.93164295372691636498527696981948660928710255996230941693e-8	1.83512005590030593549375395190172552201090487642448990164e-15
4.1012904322271144413302411590429094617820458762540523381543991501520455708648750060133992197525155753575822471392941941438283913650660316112129586521532459152899961645256641664600964515061184917580388395921284185361867674767226355818019406558111931795879253428383011210636800034737080157157648049489	-3.36354431685535020934657594005952843286450927905664503753e-8	7.7125998413880645355053510914673053008987765284703017051e-15
4.0577726424150670744094937664611576911408175630257738525182582551019985118852524738677376508204162206931097294403914378839168450468496628732059728498204068778880775562787404411791323348566264098378448205607646611824316502914076334748657798149364104364840323300346516976661573043525791423985021496658	-3.84345229957655689928698940555036308177569236397969093535e-8	2.57981957873560072213202329831507883785142031784263098485e-14
4.0156512707214533288931865819636392989588220867962897685620154688443819260961267182447636972326208238036992853847458303247007944328659794583208029199893412531873583845665445769281464384814262038490209959343879349920611209616564860930711873271773319671488180809396116860353906655158251501697399609956	-4.37067552992999938594427760646722348286629880243207670011e-8	7.3740141685201234836325852244006821151447087358908720977e-14
3.9748672048005123893146915528254836630857794658262341564640890689207215759295505784635553076802320198078331398440031430732589434009204825486799273561321387811278025080685854593477233175964994180476899329231881476832897485509064872482558917499918815747003960440801539643498801365219209070123223680832	-4.95424440544612853210308494953132683036004342007394466148e-8	1.8282609223720249617014298123856085625738529181206002429e-13
3.9353644274089634180673555868745552502857188573561076177138514439229145528626858173341556995491039332956045266265549610807628850232339022996306710011754292800967126141464038628405091703263986978575787662346701121174801737699350597112808432256932201744554057009747906754171207121440072436188372425428	-5.59507386179395320042806525628323035818305037190863352851e-8	4.1459271352616740167951979770472571731488465101070017353e-13
3.8970898239528756472780939865579363901786306982004375931372483446204931302866316538852103120100056554904470307875266383740647940783313450921939753091317040629251886766425604273946159154742894432370267284406289114580105071600159509855294717211348941794158991545019728522459488089755395729567872602764	-6.29644026724621481230107854467827424567619843577870598188e-8	8.6380190489787395767786908418463545845777462002157694982e-13
3.8599930038523841680484731723485731555334640755612185036162221002443414092578287378924219787660558909416907836056745397322701815217731793336741150090677802199280866399388543891057738610702578317037586082821934593113324755230111133129590892386508758272412122147094463551474338761209700735409637446089	-7.06160991491307733672865022728711463041632078575416958805e-8	1.69675524674984169116656005569445395717175229535344479278e-12
3.8240261346019433620597317722099423589975776745273199137518994284529145093822414071835512630068805143181114863378182193799739821698712944004684871682828132136257588810768354062077423471781031477317576327524901602585319920520465340708405748886482401721506217538705767168933510908950180626271265724262	-7.8938272123703477192672003864590113084951562797716127595e-8	3.14013298618373100928729861777435852399586159798365058389e-12
3.7891437875053285297584650799319728358136314119754539212952409388584910159326685144681213536498862714803566512888599443396930312412608480338915601401155374832301828527651014527069338093098746069037793310293175334856471150732123045512219088895227086469751475641622472466005793674583655137598657060454	-8.7963048272684881347342316832240363509969864750943911436e-8	5.5698312427560986061145793616170562361059521368244188059e-12
3.7553027941560132818228449978699606332359997247694235359508868119614256716565091961259797847511223201953541117685158092099352730030728865705115369760917689106661573526107004019394429299367761815424900349009239908788686569713518184269071520387039150080457905930111839242595650516877615821908495648516	-9.7722188741055457880214996969046857889119555766641472971e-8	9.534035757312773239364416085004480346021621975812974351e-12
3.7224621128159604478658347994458544032048755386789735336083347065201864053350994261469788259209606558752199003449864717465496389808386233173920629217011605395502690146816292152756179298263796634371942574169510567420710830538694458022877009051049480207534653708743937495248495899144131848793026048941	-1.08247244457160299695286562041765174158086889471831713958e-7	1.56749779843148837844425437786416167447007910814594881864e-11
3.6905827039202342205237737319684290066024521216568264436389716436395097420568603657198499667753542855624468746768755363251324103255294805080092380393442539907665787083552522218576680496072845798294806126228710172217165263934049356066707404209928351338833037669119716552947560362306214686850185647763	-1.19546160850860522831044800004020204551542025152392240134e-7	2.50555834217079788944873699737182547819205359463974176193e-11
3.6596274140020255255811074508241323082901055971181080313474698889662061759908299288685052734538742773623119027685921627227518590131046873538687457839388187728325746407172050814587534985464395415105455623687618098497074384515736690518979302269019995380262162866653545097413983079468875643128863532641	-1.31683520566537274008038340245988079499037031703236502527e-7	3.89322846826016780789726802738122469891567510501199206269e-11
3.6295608673934375920170701661622715318657669133459092683335548857574024671234872197836187816977464401932541270430837591237070682094158215147303715964738083065581946924527174820913977431823032572679819141832394815210525708416668065773161615596688542611241734556357891002148798062838927136321181694399	-1.44672205197292365481300253417300008647361652107146385084e-7	5.876518355265852812746194849665720529414327646600418217e-11
3.6003493651123747550415518097897404764024396926564862049990012400387589367907912863488618030650795121563429967911770814495840903190254066618091755388472100090113213455260046595960071386768448299933919998486905343637872995007092637955360279796024241038756726007756846283383660257362237598506673289635	-1.58539282818016087599192010807225731239650565948311091322e-7	8.7060449658998595727820281876571210922883206170491497044e-11
3.5719607903957094905484903921128624581012568411508689655677441958035339550122287637512669739657880558092457856570457050919771386612957844920838425073285303965475127587205544154535242959489801817987005295198889167699724693627091838610253160448651194076969351674035532705971720565678615302342916606645	-1.7331066539944480891742283215110860214208955639432274183e-7	1.26369151402793672418112830498052904000211337087998643982e-10
3.5443645203840989807101309580851361949327274570437612151626266279663571799836042789197023400331806763771612770918816849237763707795323155134689832584858115568848817714053246407068587417797351548893358192323649473962639238846806858193103618159970953635881928765646722700987831507768370742278898339908	-1.89011030680746715863385859530795192481974290348027462299e-7	1.79470438661046977103997724301122652228470982898053053353e-10
3.5175313435048531327990011985678408804651567111447166152845460474334912411006134958038891439880965840839863312420886576675095673733483013270896895997051870840948636579370709033236203918823472998492311527699813968127807556731994530158836779566631501394183930625291497218175069888946394644539603734338	-2.05663753111298776797375154313172891964615693270115263837e-7	2.50450814002235415728614446837509166849439629721232748418e-10
3.4914333821365393959452126839398542497001008037462017373941419394920995197209246143427766694458969083991482044112334251543258454212637374650864544621142260804898737414046962850010006192851605931639339215762105666034937212942600681761727279826832778143450003578345156446609110176447529720718389705975	-2.23290844471708363489186656806059843760822924674973789924e-7	3.45164763975580394153944609440988636650452007051787173544e-10
3.4660440201729189762239080413601666685205340028142627060728734140210010102290185174228282062061613289045704247022841334993632338683491132516299941995122872763424782434146429030851667183670923362169802511522959221351090537043657622728431742952497305604738772262659312897611533492670302551409546907752	-2.41912905218046770303415120215411610251288274582326958352e-7	4.6851535280565393808662713726508808430293315873075768816e-10
3.4413378351346770243746275812422139013132591882171000842919168168873688408278250706321499912346819362447709931604192549563977118527117194531417720397168261050828853094275192275805519173118123937899943688232017467242349718670072867064188788509143164432705075520104803194679112995970556111052268180826	-2.6154908874048140173339783832461855492831588767761007161e-7	6.2675286477128887228869551688249086696267332001573501471e-10
3.417290534505533439404431903086421323610027405750868055347648791340743511535620990951322827281060114727338154504227036897212829131638552469359086899879122420481322052913452213803511521384425817624141707210783251651108006466362922441006257972099983104953621134236043273714845397547803567919240256817	-2.82217083993048319572766027387066982490017582409763434641e-7	8.2693939378431438580131322830010430581567055701509562229e-10
3.3938788959949670308862108860303222693250251039310979457977927448315604238867262610240846914403898630007450392186508950530781618672006081938421512257168278148400179251303965970045415376726107469022499839295565144071772439736309424473235428309319159583519058205449207488487716109212207470501921900912	-3.03933132969810136857134583340536383164727405042906514655e-7	1.08056637311977072840032492611240048583184553169390286552e-9
3.3710807114531919770295094808658699339628659963927300024105599696490357460582843389971154093396432097452250192653328973887985666768749794884443424744485228074412167367985360968626544263250130549578489905542630579814341595279513228601937059516377059655667644307337874402056814749061693012828376924133	-3.26712149807132791447862167532105857066167870877304295752e-7	1.39622659611427349796656672339631972325377371636403324036e-9
3.3488747341854051342845279524327247241162832336161958636370819799137542634716527943638442335585365128499166262620610548075668235839099729047649584016419444581288292229127037680145523946974845294720807091175072536547300818381763287522672282360204625939234756739968491115365431467161842402790196159036	-3.50568450199412082242591318186807141497307019889622931406e-7	1.78720944300335152639901625735154463056377181678307538337e-9
3.3272406294318671527596203414694356737042709734677918439300525135819361332917863813743601417837571499278087208752934870185401698813336935420755412189481420994986796266139151035740437263433935190049034959094342281230879423181231900422470133325956916944603139483951550471545466667546292214587909223841	-3.75458902173584726987006002758090275322247442445377097363e-7	2.26378311910787525626391862949918102470278905462969574638e-9
3.3061589277982613424446249439552229620769109641912643705260207451623707403412575027199048006936963973830132675741333426249343099887523999187537656955949520412742699237220681429424470558190735381131716232549871160500784046983677730941604316987634992390208197935023956624010721459518174977647593804925	-4.01485915458086356125735298828947591218153852404596538297e-7	2.8392443002555005177030765205854200833516092791587108723e-9
3.2856109814371462314233433821399525662776935648530261444214981690462262552553300109567396339380199677110703957889364897858878666044651557376188643791532058923561123086393602179399541047650737894165079933697706889781485977810928876589871779735954776517298547258737281784762600569330525669110092136819	-4.28615943641399629557725698337999788411700132735072031272e-7	3.53854233808175324358781152209937019460725284255244153291e-9
3.265578922796319665958180792935897999539608886785770654124033011412456915290649866759448516594451056080335338269276572755293253356179005479475128620781412543379102042559941454721590598239372053635863620944458155126332304878019720397063664569915520680484535720713327114481497692934383147312344601052	-4.56855424294550331382991948266590931938393831918208477864e-7	4.3630521006501234782286186512686549078675464367583069876e-9
3.2460456257636691972100689747874200130254903552552419838677052320156293870503153707184015975095306200593809528144012072754646731723702909510659484565412655228375608356937999454965663902210079333042769607486131344531265133293869982691328404428731147298533215665082173461952895031432623337259766870828	-4.86209231069052099801616028764876143713592716141546997373e-7	5.3449167033586560483540826560042985366048987276120661555e-9
3.2269946690507081008660867628307299317504947614372842484369869680468827276439547329301797630406363222967617225802364447148090334358131806656847814104492854537538395234184959510465612418150868304747743279304629781279824131785101132373378336797779711110779399456165504718980669688535616878913237720537	-5.16680695639059130521015800424442730493762218175866554018e-7	6.4997511365448143861719769900215746902272599374128336257e-9
3.2084103016685903622866805701410425217560204842347742861263301679172497622540142179849318041394838789583232320188482421269863548575235565963290040970837037691989629538933076237302947617953075391377685947491115357414900520124050651579347654491188055545988023639047818157136303597077275486938394698074	-5.48271634500640515201141673284169554343940705134079823871e-7	7.848800718745576276606118382660852969995583998913608824e-9
3.1902774103610531292683936600680265863322249510127815879972373022599945047487568673108796407400252030879468609269020299637894298780652550218093601436685970570736013995960552740819878075700362819638215268746004533375424672887971603638744679452356088408139047087178163908002287690841179707266751329731	-5.80982380238258602380289012358464578646693157235198670597e-7	9.4201621272168574365772834222855107476770052238837813105e-9
3.1725814888685344372265204509764074953872014237774022984684302423246215140036368507275983624822372650764191816612876524457951010712172718287577305438342652724362650232185332918254519763471819278011958796132709070634699773549817219600367873423399270352191750485657073548841865832544707365558521289954	-6.14811816882881538782721582630972650376170261752357267397e-7	1.12411415049769073243645613476387550461002452832585835244e-8
3.1553086089067324659470537685135679025959297712964398356725840360289268069052801117551919351291830093842774294810601775996167197707284355340051317017892862537563801186270295521299646815783076124227442563206249972912220292143970457130281972359506581158127595142962332438467022687443989232806646796835	-6.49757419009218492609608575884980393062018318109581791909e-7	1.33133326463604589224077287090679219839924803807311740736e-8
3.1384453927511780949094699075547377865645173473113437119293277723774116139682302109641988560829304632766717896682052674909867451994657301975850896630797288715347459785771400591248116671309420126034007688175368003765604931822350827001744757047824473162732650534682890345131826256515600186267842952135	-6.85815294254276354718872555994543112353447643024814099367e-7	1.56987499493532507400162461576440894103540315166540532167e-8
3.1219789873270465964925257750539335458298776667148467451265064030953325006069152717025080267745077983040917857224499632278240557606082657194378629353485485257844033951809903130855945200506000802029904016345498445116255793599345634916435275489837211006613128895934234627848755398402483740032625099163	-7.22980228992377110869196779288603607200938658962247782906e-7	1.84518959738892908951830314690087834954793559306786961221e-8
3.105897039710492709740493156186138162539075013584152511028056137261741388951242836991563620645561432486828691250363177208789038027717078439058160616248201945277792594272447886532681490401428677392839545525899455687670158804849554301471048291300835669796089571709066040552155587379383706855629542633	-7.61245736984589778340674706601895253095909088502761889919e-7	2.1512890049628992725209129870082112450359805445909081449e-8
3.0901876739543066706928946657562880409060458650090388246999127908753887237825332322583068810068522048258426749067582643012786447278086772231508941925089240893193933620359746002604782144835316156672410705570718321321239881706827456753315527406595805928422308972832712783567337471294626473938102061656	-8.00604110954969616899341503045494407196670739563412475e-7	2.50221917497046178164574375617948197488360765327974118207e-8
3.0748394691567029845815536444176520328481656585246563501994225964429253658129018004277502296320119655165618276038209444151385799372119217888477731109351086444925493039789273488463028727872133502987003972200516778690388610323245463775908155363803288797901511335855301930064348034826359458753068856338	-8.4104647728358125072798763119919573521962421298150341622e-7	2.89225741634833594785444793502521735134239580911535380682e-8
3.059841438697610563589294095074237439220717905201776647004714043681030650148505431218764222284133483428551448219032652435008010034389150122022573196215659288592111302191901103038184971025962641562284512211232430221646055516594974836427664632500376025190880537075455353019210195090387451217834699299	-8.8256285445019923011717110415832599777599547124116979075e-7	3.333257057695360902748798919792620271554302199711104289e-8
3.0451830105719702929469651623029879648866880942195763598488112528753999752880660782208658795910065406078215002610269051921643602855770534233008241270430616351076217898204950799558689870974484335391188711973463296077314258487992974639106881799305295101498325541188236417416524635600608185035188526469	-9.251422167679732918983323950095504897469435742617373772e-7	3.82210953050041186950571746954848116857174416282563085955e-8
3.0308540087542986862540081134864351478130094270879594611279786794674856827570787871918643884654024004395381785183533018150755934388762575509348013784791731369071811119158395953486457326673194824896935364388137444711866341607280799991798447893228365569112453525825524699926527217690287247075835290019	-9.6877256699598617084760227903951871621107224255650073741e-7	4.3625730252726063109677604353448878464413810560622529934e-8
3.0168446355331755230232946235470273966907765033646644393787269301757543349533229142263554136134712453567916263991301053235830737704870627636305161480476506933357916567531795340042753310493083909718117153787238525038963642438041931365185276253290094046702474943365578938687524618280898473907415343055	-1.01344102660579466909721054430152390098810671744176109742e-6	4.9683311385796476475499484845375114808942562470825134545e-8
3.0031454547583879150269654492046006469689537687197667613659181731884309181926494164519759606511636160940634954646933755023605321928084829916841506104721362444389814616764627646644460802913969783465023351417315719828213910939024838849353146880074488017982537348958949923403025805358250979315271181808	-1.05913396800994080936230036917328321582210102223705018207e-6	5.6366248133792546042009466623517321981449922476323956652e-8
2.9897473759472392884674655187370260740876101031539895861748202040770350317452135415489534272822371843753426038904785169818246324679912801497276703405972419750002386218902544830872210612210885896471377171437817657233910542101209903293720953085759877453971867323324215688713599227238599111255002552975	-1.10583727164308407237069650683304702012579363261614660169e-6	6.363926322481925445366452137638453011743724209472200468e-8
2.9766416392000331781383855032228707000010858487319577230458804043195618479254925329868720886626260695689812475271248468509289651630764235318691160700083469269724497759578110475880758825749094864960890479107849166258180804777146870217944585509944817769894901576053890189074074108498721218078501717698	-1.1535371210958976482056357697902474631904554014488916897e-6	7.1658997090118486489619860232737773546651796048715921755e-8
2.9638198008779903201541194043821082964241925908693527225410986515114944644835274346578299663256588367370056278257343369825936869995722281345169492944482043880947665764270780734841530373527023730063562293167317384637208069856688064883489459623799786680388666508665290330283167839264738617604138581115	-1.20222820909649925683797300193997739339248983876846155072e-6	8.030068558356094334800347379942520027461489831120507265e-8
2.9512737199998732376932527800709656621565888767845276397801796135165626705736154837535840837461557583978846489855164173172481857197659237542937937800232978011521180710051524836957683342624064365630145584603255665184667629626977578843446644534036147392111838199710946855040625515549417972978403219712	-1.2516473182814545610113147129660072392659386304036964719e-6	8.9888266999291603284979332962827050839898693590447197371e-8
2.9389955453163935729135034827610632921761900404924563425420518981502456852383168132712822336166699658965141811430454758237861543205551221511910767488993210745288980699016262206424786849821878562398370246832002909589407967368399453676504749030104530312943254660243963407880203279045536472455487454293	-1.30219771674329561732571334206621894484236332103434934292e-6	1.00207189834217202136632125832966343103525472529310665902e-7
2.926977703024080514812485149077964043596251113763338904785164133760041228707363952008538574313786557552554979844696591847663949307959482857075971861612555232072693686534549873680733106733553084954633070244076653634887282703088804302692524632068665267931088969173534134920671803148940847508596777097	-1.3536695416990659435319638973707638795435059138859930644e-6	1.11475533003470753346152587326717771389663395258722273279e-7
2.9152128850827090891190547395640741373142992657855489192955250768535877337808652731335238610995226142304434393312936360759662006908550568011759066242428121905770775970267172485355970057071554631720529012177309550071240272883372951133323443994000226216335859480748084123053844543559812021997602872178	-1.4060437514731368576770256592377504204081618259491083719e-6	1.23509460306062234281305042729385612850485985697795416189e-7
2.9036940381026388161384380848222735563765650165832045282786702072961427674751101101532284175929650736719877540880433904480704511982128102642284677783825680793726086953217249841459665359694119533796958578558899114026478373734858885899383640942683716921000416125857053945879187948272301593117842358374	-1.45930080496075419971829221521308447455618170952971430369e-6	1.36551969883265105264680343953623683708549871963118039104e-7
2.8924143527705091466927049722490681881108551678336564783898064546643975591053354329320135428739785598501631306813500091660081540335417814988403421768308085416331281109131530585117032417453533927092245127143365442804497314994839701876125355164379498172867555019130817191468411729183071616573970180273	-1.51342070985240802726175328815451946220868620560208147285e-6	1.50747823867777484407286425540331864804215392746038353888e-7
2.8813672537836899366782170743471453569037797588165358061286504511671188039283916315338288957246692621221191892539305673431184642352927104096023443270450171840324284001384290209868437322521543372548102560730036706198679738888340733954851225947942766145777195985152569058037174193531324509953716985816	-1.56838306956103723864048322369422120182584846062551032644e-6	1.65863177162696700079207546139457585895946499675905604066e-7
2.8705463902657038339961469438721490632885975719158993181617290632618174093853606161215612111852080679545500838134942866698083617510225013351513342074525206592555101039091305027684248238342849493611238509004737977450258419537829986320042636519033507841850575587550153133261234793425107384377610897236	-1.62416712878530071099876776188187441321661214035695743469e-6	1.82008324056512104771171487432634572499101902066211317899e-7
2.8599456266365327643656799305691500260224773118069210899997422851997668816739533089690109324361065554447551412042917453803365325687223635709955742467893541907819888126750759191544455814430735753300696780290614639382173938135854626102450193482949859468033017233890690243999005454031491806402958316979	-1.6807518176556301519359959586419597912320628531806128355e-6	1.99314669032562212154306409466316431237591021516740557124e-7
2.8495590339133018484800160824041126638179621961172866981531713609160774192273881508769274118225530619170954761824179505046491337640163401679783927322437221567945337834368845302697926849334172025826310990298445885474935890668365632836883220367930979429528168266102652471883498587907989153992741985079	-1.73811579439043059076431596377953037449321085187617817594e-6	2.17630137731683987258400558856260435543222918209711707662e-7
2.8393808814183094626308044899557556791827670969359057690734831392962423066767102973043983228167649347026252559931013746189030211625325128451687145428205995106782840635147580519760059674842871155797143408978128390510301493045361037792032801810939812893303082458601076937792223657352559501497989872654	-1.79623748642279081010627513660539571390647480822228537709e-6	2.37370696098048698771728875565369085310559174149092438581e-7
2.8294056288727494989963286886311729444232505099401334340866736278042063301425120827433017443380456100019166484921537644572046340728871542427221992920189468031018115220548012181440495656240952166420514248528090539163831151689172272509132849055022289274552064043179587301657044302475320395069269379788	-1.85509513004581298060817473984296304501830025120749027395e-6	2.58380570707387773536969261114220404692450476165613473997e-7
2.8196279188557583086014908003489950296278162774403168025053663194446846713683240262962139774049150778621351179207092042589913204878117240479404056877812740163553709284559371581893637030217151061043095483035493353606183501288940605720707288478431327059549374861802558245698421846965508450264871467836	-1.91466680838402150519266140309267090899176072679880109607e-6	2.8027857005284281445012992519155886589520871638093290126e-7
2.8100425696096208777037278275087534443880558925785054404270095610862987107466931403469923964468555488877092416933041452897977246018799658887290271968840030498454503540712561247942178499184318941908497197844204111740679435977142356014178371397783955495313759262430702449038847924312245120210850151952	-1.97493048791184600249792148483315892971902976039278017146e-6	3.04039194440254056526626552075496706023923718476032386042e-7
2.8006445681730945425207434513200049651933521170174013264234509252239226027868356534175074969736669615862304907865605352377872273678582644285136252267164298983782179717938713169641583025659449117734823118840816999870368141195574678337417835670461531281658949616137542148864886198328328770803608529781	-2.03586405324161466479799592120263939376367960538434189544e-6	3.28808850681413972535284058794971784185983901069529547543e-7
2.7914290638258595637092876006283046647974996355955611059793513218579538124824273575051323510768718190147589383310246493146570331947101966844533132608965162021606950614683429467158265216870557882234109445996891599481448660802128293677995018133102796299070216482044186134407543381961615390428259152008	-2.09744534045419055082941825229960380636164449121843062902e-6	3.55284468781181226160922421235748095735375987049003178055e-7
2.7823913618280893064361353204637500241628531880803329674597264301467885508261873420638105272874054786626195873786662687902688742033488790199616351683841008638021424042557257309893276535178525492083469676193529129683819332227752022634473554321115013325075027524081418172050449373177633791542417750085	-2.15965216876646270891733951899321623009774659865335817719e-6	3.82871460644605052085636155622723493050682937965988758399e-7
2.7735269174400533552963965361532057899692918221706694330587811472886182008885722435586291952766082658449698138722492033772249925627937191574285863679653613824985180311506971816384565807944650566167019846702566136723014325470676207821501426490363229469313392967596682951657085226639341528720647643123	-2.22246237072109567797076113985449084628695308488634838852e-6	4.12206305730402774028838351773414269941597323934396169737e-7
2.7648313302075290247783701399851500038840466195148126169117860343583422098123351740317506722873799530958657363701697321530878521448410258846562696204199309138725198932446861585038123058986451552820553592320136388027759101691925529680669832105603501471655933416183095371445657288067920161514785734854	-2.2858538207420884284708978369240282569578407730531421343e-6	4.4269117003369388055735634332554735953944846879507860591e-7
2.7563003384996044621922224566135812695544838367711666221290831645597761300422842969808708701669197317836474125843148564970155802869574094579616060095465785001842599489063829448097843651147922446997802875873427905689445571547167165227388813359594847952797920192224638645695375884329414999940394157073	-2.34980446217614754176224726908537976874598289560325589428e-6	4.7499889596843842145929692809811600725188316808111123259e-7
2.7479298142862136324966436799976844626812539597380953458589979904627578700265860199987904373111987384586285923893998454613849994374272521187222680483278778262829929240580769550814967243078139922150491822744579054331489636483209027394481789332835097572128646642551872871436112842796749432264913356143	-2.41429233289948715308430378229884669124027997587005989109e-6	5.0846843802183297536864562853850416584068240457681113535e-7
2.7397157581434533943015545368052800235453270096567519696721482340510988619626875252774273953880866832634189888072498088734287802037581685758128170319808819535062716134311711917041561533964161078271816918798993599096699247940516553198612395355338705804061937722199307336633104128620180605604385592665	-2.47929558946827403114215939444362759588239790320447639618e-6	5.4371600142289986177818647599312354350498666210279966673e-7
2.7316542944753988366068535555311065881432044037827937221916160683521744650702205862277503237281423769876951437190232444758466203245491228829771177523776640423487308418014087025161326338599243611214102969257767645519651364259261708303495809637243238589369048256927287694490824029632408552492903129924	-2.54479252982977086293373488272830296591515954405205847503e-6	5.8084279600204712947763080952877687095138495587913204107e-7
2.7237416669417580223847422281266207981244017249874855369994606015595720046821348287405140132874555587317508491049071067847476494738539061501910345222776427367679909285220899300172826813778372047032654095957403601002820243716408043267863500576404216801876582283813217681928370050241394121518087952671	-2.61076161441886852346794216233704567040748995207059609763e-6	6.1886810452387655838309458026575833312983269323495612472e-7
2.7159742340812940353377385182126463965956929733234835290474273771472857500865000016320076692946855486842011905015341618625180757337912023086507175958355144581623362433749979022875218510586153564966858080119180623361713880101239462081829333246107469934901253303173331740357805856578509493763980491223	-2.67718148630803122571731919318500770061293185089919156896e-6	6.5942114251321360031865997749587105766583690344554231696e-7
2.70834846512149330632259752801350398231176419134685526898122046890279312808262622759196483987205193070212201533150506610965845035445924637999415639110007798253045472034383685026506571614927423388485495106429446835996046187739916103727999220047469661077209866353884536118255814149361760671654138092	-2.74403098983553286642898775870075369659255385315854595641e-6	7.0111115003628445431850683319001739340730928003958872664e-7
2.7008609359654769769247548841946760204813481470607190125169688951207819040489738515771608789171932497684201801387933984465142426673166684817464438170907227715032016698313319709062857769710406826732287655547365459110460802881040995783390601963727569999804628207250622483513957027264200504001098774959	-2.81128918794494433651648595709344439024868129038382566374e-6	7.4501464339567888183848186622378494017062772870246399162e-7
2.6935083253476387395200666974601426635456827059766847465285562215508009373676451927274691366792199551121237620318411532474185100403691458014982276530653862898642704407492439801157693008023182068081612010861560978395256505028792491462209336624084922543141548378142511561252638527438697527039310136649	-2.87893537836251078103884086149451151143965567110223385648e-6	7.8941537871487748286615227218533501449310927845494366316e-7
2.686287411149950218273538306471720255040228897310015977506294240740092026264065406751723834740737522289578097682796947946236271050631307552655205335606828795554206826788449051856421104419197415824924647309707778385081802847356414290505390980764508369323528351715664141211634827275096393908103620091	-2.94694910875533644024690082589072034453117930263314224106e-6	8.3710720602111414202446462418425450450051636868238791511e-7
2.6791950668713054208437595849843996352484104007112763700089300956510571086814502205031805286387295753933413827919753578000027365260485416149353097090504040785273055871452306666451731587166456283991008677418169689340560552788337931281964017921425007255220812737561717614178498797514131227143194048415	-3.01531019070670244136628744314979503992844495906381780831e-6	8.8545565820910634374364308850173483408104666942857118183e-7
2.6722282582426808587309570384529566462105901128686787002782195413060073031734112313938426007704623569378728569868660315627710603416074925781340899753530286675363208922370231184234255333481570355752258440465674717325039372559560050136573919237827164513809339434183139569106950220202061228566312509472	-3.0839987122682437851866102190116407291573553191239084826e-6	9.3554422108118556476210502645633486845598135767221640569e-7
2.6653840399812692438089797497507715199785594936518363269292115771640917506434479372006844298606180645968275104266991726789484934713793003553417964908004408476181073409449568619562424643606335900965444546296452486370899074701584303654968101323784838014717295773917869944180622411939418005105065559619	-3.15299505024041336137659033428069463289104070052914429941e-6	9.8811499706391584197374410266718198924074908545331917051e-7
2.6586595526771037435435057527648407234049896970958469069743962312427114133857546849166148675927698602117709483218306471729322226487590327927728726371205835274816300447932531925472014856825307746415904197010241930105893939861942342959419280515282021085552580542030427714912320040794127206766141610097	-3.22227988198988546465170073604244233313017863387369070744e-6	1.04206295736229281640539970368528002695885751708019584532e-6
2.6520520198060280356309813266670853103731766661353109049662663269660535783560338783357520875238806733691128412651617484138828057233932843858169277589061451337818496903450826918927971980709909389206826826260817738536156307285633223136740939798553722430320392825467499318497556374081894740950281332715	-3.29183419397439220395897483415416220175727179644088844723e-6	1.09816427980566867303952573053989790475850866980043436735e-6
2.6455587448631861641340935444298905199731319294668085060228703429760554526113851992229227983596169934623309335870957524231319910479392322208253203569458967500610618220774457890814217032676091573215669536147039014319988493470832499358821684871126825751224346374304698180031627103251568316640218120277	-3.36163929401636878328581153125226024266166136307498947365e-6	1.15504792852373305131158157940424081971115564602689350703e-6
2.6391771086115066927132710798758049287109115503926475693314851624498020410870114157647981325777014592657428628752176181130297744777743770484180424451219462186744674995153208073098470976375806720546211794815196071131950227016211013410410773264137359263893860517525334131038486201714547401269445269914	-3.43167681762881131143279120529833102092750729545410405888e-6	1.21461964061317257789771988230691126892872843260568197567e-6
2.6329045664399390212912574104588912188684137649410298126440993939637513845462972384413601624843167086149316364013884743888653634746237774542284631856010016786076890876597566554747934418870810987017161946696087176257674311220471193730309174319968500307856547921992716831617282122495304299506150703084	-3.5019287404209182835300063760112950198479900615893386436e-6	1.27436457994416009572880229366297388512776521306215356175e-6
2.6267386458264670476189900340961761917102070542544677981278128461025477247696221477766163378263638298851690819574375464949180123822928752451954970663221866071478571527711668947680218521290189802693979042614905468818122514854986663597282283361387692406841061934338247487337213345918179134058835974896	-3.57237738377834234800101696958656325785766211198069263399e-6	1.33831611938916125321684663190053697595019879985916105112e-6
2.6206769439011776097659519966425844462049130344751113426722741091124872772143699536581520341953007611975090397409355752467303731691021658873097409500690051101120945806455578372025504026003998247097403744135432644493694195211415807490441016104588477434036657719624042688897644643819875193775379385292	-3.64300542714515124889801970648334606783894340496315755602e-6	1.40311968687720308322122428523956065403635468173409232801e-6
2.6147171251048992676720105614753825481005765958617665120662939126303481584417521101261309561364248147362636228591517378013900268513290013731692591924341694899814607861701372048224207729996722418391736833265207892379616971700311965554407750895635369178798160905163942344489908719352054106232493536367	-3.71379591798194228493600737387967766092681916354429719594e-6	1.4677829648390222856675517873540143995815788383857943232e-6
2.6088569189391518376556652225408546582162384602714592424621107188433277362884269430677588320193423904458175856013528390981452998310593269039115337483713503741865919022840339733132872814991727816598388123924641689082800584940063608032492494068659247575881918582035623966236713712126689308973457456954	-3.7847322841696829193928606833892549620057242113035227991e-6	1.5364733672315902825484927857820527669974570452831372224e-6
2.603094117803359491679815498058897603300404246322992730618743470843169495351689504535974255464367771319680316546230612320853463974082533831458415855926771056027823204672553909545025857748794840585711748346362396853862278292238426629199225809066429543747512256599248988965479825866878343776608234331	-3.85579835313767296863661542512478207235482350839240946949e-6	1.60725000790489034937888292152111410965602300944333935687e-6
2.5974265749154809282783040023307973089214151780797040267384642511326661038737364609782637960400080559822746282827582475581302433629258159627746170977628263177691729173582240350542457300908969002158184999115122899882899736118721015951892971077717226387169566855295683458846884265401218635659143177609	-3.92697837808857381193004295643252115329928324058386989447e-6	1.67769290100905695387595691671206092993663588490531461758e-6
2.5918522023123998197436980525124929067771467419644440603485412051955982800714791381457523052880717589075189919992421050116992391901245856387587685614910665031888573141661303775349491705198706414211437234850341465993560509933779171364381107436534400466747329914122418226170452567054413783926038080186	-3.99825707955601542503851192399195135429461870042427558277e-6	1.75097303426018073793296431261234860089868781357149438292e-6
2.5863689689265980997370207145018398156037992238141556859292217669547100943278758673339901532196654589903583223506802165178337617722782706026822344955929647841807721652068732533492965301918329783161101558794083379696660304160161635193621887225038546378500103445444256854123449541846355400145577605985	-4.06961972159822966523556250229435075854225302875130941361e-6	1.82550477318936709188204224143300779111369589424349816278e-6
2.5809748987358042932908063087674181953454909438177450687921911975467447893714858109840654909057718923021332161026011445487902546670648547472366321013033524500506033494611769835127888967030470016779490143232073156364295994435430249928645282473993583103505574237089604645432812990297387289457987978264	-4.14105226101659876423605447337776805905392389140478677021e-6	1.90222979969338999065549858868544302516920329798637931173e-6
2.5756680689824695837499105312780366764522667975898412837738667618302626182131921624467539101691876502869273202059138580500068059013270653212141884352268353617521347621105851416215914387615921860629441138444122782858975308341783693028511220430309780624133711376332146829944343683343330963631636626687	-4.21254169679260370147185121781073946723541531971650100396e-6	1.98029894773239409447168976905186605976456103794616298007e-6
2.5704466084600761979461251594233620926177828415755551595892900537448282249297728398831819545255318922421097959637372514216817209885092154566816022068479665311172786710968522388097299477453432096692525884424082176502851110039857514045221708018331711049631161587036592021473044740269527086326537414493	-4.28407709190339714378537286192005160766177495347118907004e-6	2.06090147250440729293302117225614923746787053257926493441e-6
2.5653086958634264767252565444890614581971571300103384385049196924885753959308414587863551434766222475409020057308369201766449172921761422687336051738082754687519289565844487498618585582759293268991855218411284096092817245995355679543509826573247331463995320268423280917771066291930429108333737597294	-4.35565428024103894329173259327928646448766144952673555871e-6	2.14079750292660384106836703404353075341742752718887567179e-6
2.5602525582001971555886205800117578254106878267933755349618701942041735342236320326796677879694434780420883682921725796854923770554030728464152079047401901933539196468678863984120260247267061049753752431592696169028701911752268777062315398297307954868532150474872681533200485028631081544639432395182	-4.42640191674435633121144940777549526394256005293895181557e-6	2.22708046540196964239078887249807845879775209915514670595e-6
2.5552764692611723524869573336750435434100533023745082578944977377728512056323447474707298835440236274238417027609252579996153399819664720210054886730750663043272905195300836967323945418989676330302861788986939436526162860015019392695750510347724940719427112711329648468444088213738667031433336593974	-4.4979095297780618621207066968712664819036036776226759768e-6	2.31200863922468809727483878432143261394749043930993452754e-6
2.5503787481466909616310749266056727009174923997428993099984220611837198415899782693750404270927807375497775392484737685254546689823742179980003465989373488118862285327151446019240556056959532907405446544652574731790839820750782462064149690152761976144678313956516774448811447039718509193494525924887	-4.56939995717662025818015280649594950627355438080876091723e-6	2.39835863479759981675244842422756928491811898370822819073e-6
2.5455577578469599724767024595513038078592419262095961546470679304863120331685982796058609275412839428458474591392556405661805067850689762109047814462744166430796559372580903928395329023360260857240864585234336909693609650881674203599342251332564243202322903503013340515419197534992927681956451040733	-4.6408606179515862808636329277884631470769989860152191093e-6	2.48757571607013907993370914621461075192190675062182177101e-6
2.5408119038739950364727395083566490121617859659453027237737380526176020606128843270712592121214659672739331048300532888342152518388329320794163126523296769733717359649718650827206690229223936133924795410300328002208672164258871863405469730102149177964932119051509416063414892741326599809924451106168	-4.71227926656916373946724159171239427399778202186532985629e-6	2.57958477806063308427673541166390235675720596516912866811e-6
2.5361396329430537327879816729928163321967459238365222225141134719336520614019582479298119088372363561678409679292661944181933041000482905461876447881832453944519678367211054117716960197872707267538934817032583330513723140426228809170363673609463330759084393364968517298849982018272507011289622765303	-4.78364399301006026170849011103710608215206994623673577703e-6	2.67026002028668773285369096352769724838357070783211371755e-6
2.5315394317015257590027538677449358328820411173102443020876888694628501246141800155486639281021993337549056888972409066503343593989165874486194783858365598561934293923628368884066404403485527773633017860280629672831399145725147157160952139165971686704498373402030235144402058188914946735145256393771	-4.85494322151451648070952528694073431978640933836167581917e-6	2.76484662987848880407593430015941866020749317029249329134e-6
2.5270098255033379949190024067835127649953354550013751021729918550807252324169459388095563915075884049571677886606827948669769301031973429636960027663720975722002582251364243706142040826952769498344402654060169375995071405247378159449252297937134716875869246263032703441496109865230897282424853387174	-4.9261657044503321271541715419135041692366198494047324478e-6	2.85864543798993439895645745978644613162689729128367102803e-6
2.522549377227021340058032296089156000847805799359650587863623949765154981286897699455010344659352530982601242516923537507698256387655176640173353720410871597807007035152833022666793325187953425284554781767225070562422661131991704114348050919912776955268067436675364765995326928303390466616359240737	-4.9973005174339675114079045471456764230644111499927108947e-6	2.95522866726568312303796435185485387429832697050550688534e-6
2.5181566861356706737454329650272893582675555007668216408128769237064829566944793990451134803937394888643946041935104374733752796018353428484728766297268538834673337598585576449437233971063448331863809674026592172509581388141604862122294531151457706584952019768966476912021686591506263360870800276636	-5.068337061151638052458793115240671947063803205151627741e-6	3.0542907529495250202842656352881473351802431784701630726e-6
2.5138303867771094805330768448648390171720411436731061000354279856690526710667341250517758200501899257907256458308194164600766475113458865781093651009268537154371414513206782464115706873329702968451968426817927030535819356927515311945677157492030723447205811675996818375665420179308016579328346220681	-5.1392650534878214447107704865675682828908210951739495912e-6	3.15494629465876488510977351542918515078490681744564275614e-6
2.5095691479226468576693300715915546487115493646210247329834320424459188039497825673970987086906111486956011243372219943652186730449004764040833419256439904662316824520797289538742742796399757678754562184046526871733259203603522605071834453265651858883764875251310587984303681307176556217096867232047	-5.2100745232628020355908182501736800730084172011960220713e-6	3.2548653376936155262191887642172339372751715000564269266e-6
2.5053716715428869959509060477833821992504516292507745660911670911105446134360201719689032148027091802711732074477126546668706390530963540171372261645093251165594634125890981927406050081582437873748584233594570574733682473674535260944794090693332329294491968416953386462305834216072037092334579614235	-5.2807558057846943168384456801620438316052289359869114748e-6	3.359687447056250943041867501718087403130443436938529084e-6
2.5012366918191200079883226935280367761080851597927786600790919971521054594286492721253452867662744341277155579420227961264381817575792955639591602401136003304239194877265388374748135452599819829401694108957161137703549531110779965235544632117123442414221182359505026769616949546915434028328235189473	-5.3512995467075585779892427895019197544102670335536262841e-6	3.4609533592674313559074401144970031057662354750967077776e-6
2.4971629741888883638152289040642158267707803117304283408284703916374223776981310614305411786344473472839258420437688874941072310541854718873428512382393538958234629698944081037642092104898737756341342716344275709265874919799846662124933374724726194632320291964934879556080369906270476166720222299805	-5.421696685498544786810629288239338308690406842764166381e-6	3.5697679057228437365800222755017667178164439732931653738e-6
2.4931493144243853664870553906090321684098100976830514421495398872274828273645157124221574289475443002533436208351578207591417941142944932653136407745593832457411060460534104955782866681921428552868482987175300321635036233563779668911563997547714961391988372947170646393917280426445385088191296132052	-5.4919384562176907865333299342470828335692702125800554962e-6	3.676587219398939666034035342000773197171727034487767533e-6
2.4891945377424012326886862420487936980646119703185006374426925774005640485224314417353603204315905943727575441462078683637070027646073673554252509967189224176592393225536173837550828960846291612234163937840482406913360536089410385987293911597986080503914690021689604510823275418646540598005263670598	-5.5620163845133041831928619147830915402171229236060659148e-6	3.7855993899371311633965810711241060963196404631683156992e-6
2.4852974979445885981530099279313933559996881613487421935819969859457378047944423057853393007564712365780465348613043613164434340750505647722342473243161985230537127754094706141879122560375228135993127152736563138516307946331363773241860960845097813010372490182332906897679031350012301374621804127762	-5.6319222812927637050056543434321056882655121836601290033e-6	3.89523727359388121111818986580509502952225276110747884992e-6
2.4814570765868727981732973647276882215291312782281134439729121360325900753007173968782983427489899984659529149476492369283155297620181920613406735234752919925163478650902753009089092067562656833161072237047525982971628095256039354280695414828067502546184627453394702231230949055237199354061340146719	-5.7016482362996184380480265334660330143580251228942723481e-6	4.004468333603476768998981837955664846434098833408566044e-6
2.4776721821768832240980696111298336077376890533046307245424987562684792428015812491003205295519698846783514593429401279322185242178324721962426228276638405221878131437948231744327242562497213059291568932258869235165253833811164475256514856127420454451155523243572270072947761872676580720814248009835	-5.7711866071131503654584882547799204859431934887783313939e-6	4.1209255579696699258362802978579140005060973735572849837e-6
2.4739417493983305635406219220807141506161360888097164140246872499768328682744627151475812987871596864110510859939740618212525302644314970600255079719204277448164563443613418400811620124574906205208539671330257812034036169381777631803527030904110332316731467565725251199915197333362848148819826720005	-5.8405300342869966015279322287636625461801767992573550555e-6	4.2354181494464522017086457717234440229254823360421723165e-6
2.4702647383613009234331202591353119591874142718906672461851442772429036400686306653047368496989928265461642665454325604410793293131117290107831851465002500948970389849650332143466694874492195610725561082609493902831032152640696464834208754221839761831774517411445932210471446782611555847488398596204	-5.9096714135001532279217346838064500143415840011320550227e-6	4.3491634459690153114167303067591767619334684077471130466e-6
2.4666401338774818320084509836330968854959323058482800552141728470850518901669962832235586649443449586656675647099638014672839378640789763754143503399418304275878821498528110836736834378792453011582299910605807040536076800679890279711661232674954713902029184332072068591991548435546687884340380377521	-5.9786038916450116422036187186240286322345443742154042279e-6	4.4677430102350803328254170673097207221177232679069668125e-6
2.4630669447593770324375151081165422321684203157409111004726044581193991558620260611016424926542567126212824464232965055934669010866163369209970230330323452261764080790623116952405093976295175875669451235494286176186214096242807515028590835162765063398883224620728309284412156238793953976520685603696	-6.0473208879082453799968794176890379425206278190328191999e-6	4.5840324103537947159300356534298084990892603996942080902e-6
2.4595442031426069248756286353440673099816998496299537862377926629706649497465297588240788734734838775620652897640424143998187640565493282437289031015291495995446798042886150983302368079948637349899146385590683294355466578583260503896919839946028460036617603686279599772259344112506422824502409225923	-6.1158160611140573916999625752481168666777900209175072347e-6	4.7033450793330485075406353249606503640541218775372986664e-6
2.4560709638304295867162952101665719730701215264111152924584232074020741636328722845888058485111149041864677929921104756856456643459379276159211737289194154941575700995429818181751896491763958203645900598347598322865199916861485311266486674346563581340643612400642640441964324695598691421297569779166	-6.1840833051190390685811183466873696940489326640431233208e-6	4.8257576601168490323212378827471888583828162137082079849e-6
2.4526463036596535988648549136079094999048018312502632492761004378673094766058318124950562891758843386201376281774020790124358756470402120081272815549959372869291940136212399697130109172643731928573749468428388631006962849280838224538064012925053371834146112392257305185236551395376825604065306502985	-6.2521167724887565715842507628607972140398617588212477313e-6	4.9460017684434961460952979030796130335420891756546653609e-6
2.4492693208871485194362330990773742267828946971687913071189191908846594207683300631047820978943569421589027845250381136333592096118667262641827765090355434813077703684035067115847572804382956854670706179725364164719390006022934977948661387627611543041342301064256869638439320377036930982674396365011	-6.3199108214249699458957467778875241250902345229860419382e-6	5.0734177518949351420152468384483081881137704368757320168e-6
2.4459391345961918610357617611055732617745017087714945761684958025530140190307713728444647640987839298691462565076566353364334048806786623709137832995953784220774151373230565730907972296048333659086332048878221345805543896295030953190420300889426267692723177882335089640708413304318381773364481103684	-6.3874600732101855864789006361468969610803361610569043467e-6	5.1925307118531243970294128026931669360525686607495697505e-6
2.4426548841219229245632581997122713644853248486340664732247452776309190395506467703500499911730501111829258431545684545003808333477155327572776526621654535767160851006935264838484712678657877353522942651602819465426455708258526100099702382503086042776584591314511777022309719600878416226098662566232	-6.4547593289666317836488252267534490766662971381331108199e-6	5.3176068563132993241391528018709672961596777724772525029e-6
2.4394157284952038977105037368639385312701831734732143021304113594151443920450951178649503474300288890914856284085389667926491884334383029517680454270581236715521003042166009137855576020665718653935778641050870895957450911167600048383049782593915039939753880394128831691821146744428101185778842014294	-6.5218036532489119752870953177794181303379793242929238225e-6	5.4452140798377696377736602093724484384524393068562777397e-6
2.4362208459042173122451352783157256190490618560163940805351162055982228447568007649076712315743551093329977297518610161750192961289782452427810815918540730270606014486005600574301573403675304028096623499318816741724928530350967507882594375387788824907745971742391558198829192669670666961890569324142	-6.5885882897266412642872542292551962172543395971535780495e-6	5.5762341408231813585972533184787056073519962472936784506e-6
2.4330694331731563391021313556087366974268772318820566232689291017627848536554138361189235595724889679731262692553867997766104749966855939330386965118503597221006245797198976676041706322152355248974179163811100512067313839110415981207583558738164993511476327854430152605405121432493574031059426648116	-6.6551087017004764427767319816506873411431894508129392701e-6	5.7005735038500167346329799808434353880726743837827127943e-6
2.4299607052573905488489150677363193473210491376512408384656562794104362978507396695011849635661102856094586866279001324574886675744334501476940628360242971651078389243242060129451242530581359804359857442398023066728097166050603758274030682317409312544848614103144104449179905686583091989767757648636	-6.721360551555112634581323486669104395363711516766885363e-6	5.8318550682348503838515299639134783349792122657857304139e-6
2.4268938947545147383782140154814120305314292956762830764968445683662045276860599107596764225991365413361043217757961595774177901177618060982715171432908044712384794898054117153683493004219033979786627389763536732226089034232750684769470265840814227290707575878083254836196164035013863032045753685085	-6.7873397190676483324637231306001918936491582136481459618e-6	5.9602439704491216453007942575182125578781020137407649754e-6
2.4238682514307122805587481119053772376999831859585326595874748666997912306070163341366774464163754024201647488306080253321873564906069430955547873845569763456209170638645352218523567315634385527659470273109709222089900516667881511985644858986745361023526965095737137267957364606477695449600716084557	-6.8530422492664067013574266317760766049776753080529073993e-6	6.0934576567760349589503516212050707407087305359120751811e-6
2.4208830417618872467900861919226860889786023247688006445976372472844213832907532855541947314412427233463647101554689334046490922756246777288858122966421650758798105319402789655136462330646587758048333230823502669743420095793546146093780053887522323509761863606181217774465456393924166842124858399708	-6.9184643918900228185193493953505991360452008970099690976e-6	6.2250813161192908869391146027991869123003117869888335516e-6