13.849069418813149554153185287501521406774074699670571466717578112645109678252927401616504467380531315690819800776548184	-4.86548045840947480317185194906006951552147329057224102023128458076287033224444780935280981641089432232912635e-9	0.0000108864931859057814476037370971652137960218543225220791558707468547307130270885477406884402570182562257735534	0	0
12.011921948299793767517415507697787736022915522951731995125493034933733426851345571128070328401308362466615244149625429	-1.36066907510340786099207645300746279782780852798743511155923527569122300301186159113705307721633841888379138e-8	0.000021858971044376344603662430328327795570344407175459659932158519219909610152011659318160789298989091753861326	0	0
10.621705742662129665689263495187538013676905770469166441119662592041686865611392187618627465167894498392680983445157917	-3.28576462315847876000123855338772449806861643974467663880345017485584015045624396889224404612795302215729174e-8	0.00003990304804147620511510651133325125037750565203928872569693973561787610533174890566828476355730438140460064	0	0
9.544387313797921222177143846828717716450040340595534999373469517999224585386343621472460089710566830185521643398579989	-7.0281426553603002220957780849379078769483242887995787750479426828226059321355950559785036887821061892396098e-8	0.0000673146356294572743504015300876431446758492727626017231097166939017292869914942537173028117106418977229145	0	0
8.692655581003368017092615582668956949615823041917483213092997000944618344507885339406593761535535060813917477050178185	-1.35870607245102044668623812282507835681188241039039071562957802993533672524040300039323581049107843415438319e-7	0.000106299846918361628720830839972753551640789143831860963414239639642161301540547636727391032379060144323007	0	0
8.007657735841587570060205029753904802765197302356716019645937428856865711769135036603560934684489811379417881028422796	-2.4128378743588768211929030943269899596258561079639517239116802569583326801047765949044755145902564411653105e-7	0.0001587666505732089107012714429296380139485231679504756236034746056838628220858552066967788846242434713251	0	0
7.448552767789332746629933514723957807214857093003158093530166869333041460051629476587343460047128073038422248865036896	-3.9880754015522143926605017989378151195277668290175638444679305752472781379950946485210666945848080778272812e-7	0.000226168295699370185578138762738328663171507023479180701335685231650217952791812935069952309394924344992	0	0
6.986279733694375879924738518242381667843804423836049509261728916182074143017107899418207268927668216426149403006620111	-6.201741505728997345506228140712595239293445201526698757418287630734028720794075907141938828321231935641945e-7	0.00030941408271097532701636664837830299204545909699089404731487767735263339600102437110754470888601917548	0	0
6.599703711497371437387830204477576701261857770806916389222435468126943141271065407927483809324672670212742323297251807	-9.15469327475268437190345399471474484599068026759458507425089584154990046300980298649185046770838450453015e-7	0.000408846569462124515458873940482310497410051426700232549314219576009059815496297502621624054987110637	0	0
6.273156450705527969288920268083168144106834973414871035959756045661859039461431731756991579919414144396507750724759019	-1.29230109586978910645493080039630552817921891188319659073614961711855763822601780033284157473497207829477e-6	0.000524273374797630686872906446930311546600556522917804416210619536053452334676956700169884823853984383	0	0
5.994823368993647498462574938180128040865895913474788430933428441125691662974917925505897341816191392696837899587900836	-1.755312127907310845472151181792033965616512883371086866442330628753505430698095988029075134458799308251333e-6	0.00065503686784916310795117036379016860394447736565385394033393062552332926516214409334280537613180214	0	0
5.755659684737968259225272082850951124250139709692085472704679711552574546062767628925592378841041856202440545071636157	-2.30603675225029665973732697503216417923165239380125261520482675908662050059720233667600798271355361358452e-6	0.0008001048729538801166967659745987039349978401017831282902786271407419654193776789341924743974696052	0	0
5.548646220129323006894443005617793638777362307372743545740596087353595691003194542551498162664046903222843959221924989	-2.9430484404861451351940444197450835559860662936158663131360623780376620817941095382589410835053770535217e-6	0.000958168180343723331920002395599050032967044966813475109847823172065897842828552929267289692428869	0	0
5.3682684500401152392948279936345705139231023795559477784518343471637997405034559146709327115999198797663087831983154	-3.662316703786122475406545939161297547939080507465495924247562518104315341877347655748971251401089378112e-6	0.00112773446068866973855408217084650953919977587633940690580121320053238106130687880103728159646759	0	0
5.210145415168625464389237578873883957508040619755846070703025432473186820219285972282180100076326319792456917878311566	-4.4576884356397530419209599388231242854195617862121935501281234041792868228171505588537406692485533872e-6	0.0013072119959386644073886761040519688976102650593699405787514240265671467694229309012234095368075	0	0
5.070761179478731352222059313453640018661115348763180119148499698221007106433161808901605290404408616526146742096336272	-5.3214193235555427018481879404662782011764874453131917349347794704931630555279243129425070913092895692e-6	0.001494979847068262524573703890149999788939613859595992803960629216726927512340032026457255601733	0	0
4.947267680854923811397288652026942823982733337227163017062156495785776872567984606789527734193496715020615873242718237	-6.2446982564105250969160541127558156102009011303831864179949423800675180193680541484731378403423736713e-6	0.00168944346349679341296943414458331659446805411111888418625185691357741415561649669229610204167	0	0
4.837338079312998386654142858151668744533390596647587128577248042506663537000514227889269345626100645008018208588946282	-7.218126110717764491212962196151168712129896004467830252055923152194729795177538177814257402074224951e-6	0.00188907632130156838126334484787564016305947568224303895572074750508348346206509671623023420572	0	0
4.739056343896442100410192608555711315007648099900089576845506178479755983318821638589362751117460969548062394152275589	-8.2321266733351653640320439604439020401780729027802737624052049527564888755021885918776355505977331e-6	0.0020924490953497111246446271978159459716114338378007435951716479669973027985047528607181073728	0	0
4.650833194068152678273283864274794894709350655595548601368361057408314987632087625199451550616529676048855061256791677	-9.27728034297532613859702929959384663989226640543453747450034523246054641201853333314495750673726294e-6	0.0022982482951863664907761603544913609799272690770118055089721571152612879012140101183949354991	0	0
4.571341444077747555010672381129864618737183130444264738794916169184852263098503839492995824131435276752617426995718757	-0.0000103445804276517830721665865536098428797480603141310404399377198726704574530580435302275907922109487	0.002505286385779344332275509418604992692274583015416929335739755359858562638027843706525642924	0	0
4.499465795575569661401668690431341835580675135606647256663364878837180655794417086404498127821277358665695094820729202	-0.0000114256177387299130776560071151459109980745022428377225924781239324409506540093607699788133231084	0.00271250530162352099928436938925606309938200818076544333758050764051241402193902133442661335	0	0
4.43426350299658828977847624120086721382461299695019402447949961891508724040991047488904363744790570512449440676334528	-0.000012512702451199755179978896303779501472533430765554690348254383849495511128403277625538711617624537	0.00291897504168788334918639272755916167536860801052752808367735764825977329863723169193280278	0	0
4.374933301715276569502857945300830186453736225969400367877891529512147964043635017209304711011138803677642683237211846	-0.00001359893356067520366547646764560223818614694110251921976174661608351328612548474577287087556944734	0.0031238887681351384439094104347982742092761698981081848745186566980532520526280528672418275	0	0
4.320790673234947023480795739836966392365830436600387708381389288393187233413445418321527434588693513752928084127050525	-0.00001467822634230202511615860286249394904587998363925883901503893791831066490130158067094011077464767	0.0033265555643776315299873158618107521086973609717768743151937140891508339192649476660911649	0	0
4.271248012266895951237266043911222192622028435089098676884447470057462642442021294338236131867310404671106130796761303	-0.0000157453075000946825873008432925693172067373185092568121206313047772715389216758501866623354390014	0.003526391760976018232180722013366973763726468343514822502787048194858154315742081961960346	0	0
4.22579861610992175009202776314426042244429155361246111866247686113653612058139796389850960893744051101215465244117416	-0.000016795686553011119825197293700917045359603742502489927324369643796029095026099915185448895595468	0.003722911522296991558686535818805682068803845687317850770522020714998860855382242603004664	0	0
4.184003677047829939741909319869955795055546082431886097027946055348426995198183268748834181104647146592862318952732898	-0.000017825610689848340830652177211603632914515589770769314902671468112222211724998461128678040583802	0.00391571720627012017676215211077412952097568227330526146759086477667566867518697371642424	0	0
4.145481650874804254727825610163822269775644179665055824271711736109169867372774042606573150235876689981611795627422769	-0.00001883200900318629143306263961513463091089127068026129433609797058950505725049920183886724922794	0.00410448986308572249847121290227561352889026973032164449486454219953308418503796091565701	0	0
4.109899518130452905226129275740533172673844524431369995317051883192036438855305466388437975771226933279659235422481842	-0.00001981243078115721978249909137363885700424888707652886005886373914459854814740802097759801982151	0.0042889801229582284772091503872338590662717561571043627133438653436364429453390911651525	0	0
4.076965562521038374143014149676608182913325691401778519546284320286910484022069814923984309463303770582066086076840078	-0.0000207649814460135179581763600733990532338635456683783822223906819259408238004162738974987555029	0.004468999633842889409918502916461624658977394425025767871734931396030095966480634033298	0	0
4.046423372790017697752366104275016370219344377114886771097689157906366972294093250162435417038763806094743496560932581	-0.000021688258800231197733802528791947922413019025028825404319947746329160340339803120852834402754	0.004644413142754475143299321471721744622134144379430960493128103319879109673796866107365	0	0
4.018046836764382081954646252586843021591785302559953965095266949541132066365825620276259039611807601593495269664001758	-0.000022581291474384882706103759192567216361793625115385455878843021945988635859886993188735960973	0.00481513126488115732094834305836953854231247913831408373736061198099238658021647539361	0	0
3.991635944349196596499238228336865420244843982178100725869455771865505875956526342413391737249822138476910772797868537	-0.00002344348085492497297580022704934843077645527785277340622448711161303235556148568458286708377	0.0049811039492902876056285727263885932024887058071765861981092666090820950693293748677	0	0
3.967013253448999743843193531442561026645646332894634452656531923796701394262852338543321127055861368195674342353993029	-0.0000242745472870769193718829551544952707094411070772465772261767302632722581095748033456617034	0.005142314625524541319479848367022074810446126426165284314600261497391438294086462346	0	0
3.94402090179196174620853405661640723872116415291719426429707895340586326916154982370284890841736161662510312192217715	-0.0000250744809789886826025629747637256678826409146715470819778229425211220632089673249102554	0.0052987749991835804715559899268318708765266316151968612225667493192638781863363066	0	0
3.922518070370156381688598179002104974372243362358310823621729641035028138833804980617295147215793781449315989266973133	-0.000025843497758701414196049109504595645871117956701224915806847276589	0.00545052045458269848199467713040537315198840756134302016314	0	0
3.902378822141973973914027970072436298203113197935363163881636326949524781955077195198779207304140698705973859778416167	-0.000026581999637642275170529422602251409421126831686306974772584037282	0.00559760601712106306549637765025748082996038435529936235777	0	0
3.883490253864300423473695916351508536368461985504433152828578104055470848305576272964796451803778882288653411653495778	-0.000027290539997323415723539543194049751253696485897790184150185093818	0.0057401028257925072702167253501659602625402946310040056947	0	0
3.865750910260239793003093433477901948052687772008043687007295720108776653761653040788989909476273799318392983488085468	-0.000027969793126245634718163906305503869830910346947287325758676447673	0.00587809506634723400021824126980710795236448403322362415639	0	0
3.849069418813149554153185287501521406774074699670571466717578112645109678252927401616504467380531315690819800776548184	-0.000028620527780370755875828389832794532727824234920530632414961436471	0.00601167731722078166581908991466403806962646341755491899845	0	0