12.340883041761887246790086191922686088978602324768800644597637247284421383290753285554194731441242723346364710155468933	-2.72427783885522914309356740521705446386417875723488818068594175277360258044926136597627941341199206607914435e-8	0.000018353864094074768095676395474269284362437937359033416698294921844568247696966653885382092532903268936772565	0	0
10.05510090082133545796015547078815445373494000909385813958647420348970237079537675768110325034760545564510171779889166	-1.17663638158582421370313365576202171657199350928205095556472271373480654115388209436080169353148137690898077e-7	0.000049178528249354722239847898721267839987146434426516252307018504636812853014000528939504560853796029977323	0	0
8.456530502389242384547019025599432960530310188182014281704857030933112233252670451675817952255803763083750170712275236	-3.9793850004589359489245343053152838993840267502405562168060255642026006456898173708896505230475540975408752e-7	0.00011242669706979041382730132175372532954074224427465420546483808554125477309831252321290202537381157831112	0	0
7.294956105089868435441900178213875793093656876528429899031344765268605027923380133306893833697117419023483287038889277	-1.1078836017468402314654989608162015608108244737701059076862759984306692234174546289492367786620179902719098e-6	0.000226406986282998847896107023155789430340646680293730633414622173005629098731436486865130293773288125566	0	0
6.424482434198252406736919324757668330399034917760040341721556116446088760501891356822020564414064741210769699935492106	-2.636044735010695394431767210951308303246109391505305363879487138706339193486639499398486105906730404873254e-6	0.0004113237267377764872534495191462557491737141720274218379439463369770066556005750915210900863338572644	0	0
5.755382448072827097118107143541351277885534599304318470134273783432309249776944178104021466766817800577467040467308429	-5.5169448663678311565716089572341265309500001503080326225971749616786746465315892334537785141497048568752e-6	0.00068659363199697474299484812979246695514232281302173866634999177807292946272398020009862861673248591	0	0
5.230013419443670298946067505669937114383217433264045911309447552366298902302511573007182497253946861953160878340487248	-0.00001038783195758241025264942560059355714683087646256095465815569504335945799189070746589235558230569281167	0.00106827779668441193953454559763965366837707775318538884707597777613376211554757586915490877700936	0	0
4.809973304776152983057755929330992171853854522305041388197017414853287190943147046402059691156043912647724433844599802	-0.00001791483172403022483670776940284303119136385545241805198451858786492521639284884712749652336887263313	0.0015672236238424262738549298120834982625104354065479475709397435226448896156383680755815849752306	0	0
4.468878487810810033073684377095215978470245128622515911462688032564688702262356061471513063406566195978669408274912287	-0.000028708941509170749256505574327746993437330591057421990890652127181163917230228635354069470740645179	0.00218819089523604479574565138592016386254346716537691224218760896844446507029419487649086603845	0	0
4.188117270216433488414755481405352128906405248424913260514701314992682446888867320951777331833510081801375119163558227	-0.0000432528670036052198771850563586352154830950907562161194146674959509524776822482382111926077924153	0.002929925067995225747838651336531160466822516697334424097466067007925631096827009979821713093	0	0
3.954256097873831522423739500766058156199042547076594730211842182129311499742607974004673683994522707108546771681756175	-0.0000618527684647050056491654562926679033088129504724178926535832710860900359848433411802656745076	0.003785941590030757427084562739156686520831227734838324789318903888214570106234461947447169	0	0
3.757402266055964535042621393098941319803173795459755875434717655328209171944906177789894881693490969730871463121561962	-0.00008461957515584574155012196781315112058536722873834624923758967022244456	0.0047457158058229627775806836920088665573589958964347588487745224862	0	0
3.590140256179759398465199041393007089582477302159343253426668630524608030052347187477263019287296116201939740178517597	-0.00011147674083247482983446083702410791445904385752146012155851059598476994	0.005796000118118322260145980779488640448110875476328247928577503046	0	0
3.446823008391273855157715209639613803159087750703077580504311093195559441343384849290881129045968617623903183252850002	-0.000142186945110284954070147217280731288635652934045978723172968533569567	0.006922065357563703464874162764191337979784637752039157671853984323	0	0
3.323088951791488594895806245900977318173526346754162065828045884348080187658585891672939997021671215894061828488561204	-0.0001763891579026244000078647600622567773116102581826195044913163688218633	0.0081087476626084591843053284505186774356245078059206825045509433531	0	0
3.215526195708155429068831058758089765595722350573013234358405167722913833734115947750650777714057017737986538926012097	-0.0002136385931011845774290779214724472922105434005988049989593319549302753	0.009341252984538502857272305954630824088714451700339248085940993356	0	0
3.121434780910263451546435199436073025706450406387639245064344769737056877724254371604866301956567474927435820504682318	-0.000253444184000376028418127887397286752971480217656940377485087405656532	0.010605720418393918060257559445967692650234458767143348330510904188	0	0
3.038655580136797978745855968965313933304962554712540251392650569767300596482594614011053608131378837167805203623518987	-0.00029530042700391622838439018724075349945944933435952940254079813410974	0.011889573725575258470824369503497618662090194283526046125048016926	0	0
2.965445319373073944256613243850589287646119233839806354587945555596303190402030508600024100789270648463626189605271915	-0.00033871227395717693112641516958001846402576719352893239193356735679033	0.013181702470375081667001259408256137617813806505075099316387056399	0	0
2.900384040164032103406663484666945335194003973887127402956525172211498391078263389967511990066355816507299902749160366	-0.0003832130399431147332625738134951442407764449985631585053782003331003	0.014472515697438338655846619068583000741685833964129243272937037259	0	0
2.84230572427848991797269198160253694292318975003974064169843647903907566538089166285358609775940205891168879248293919	-0.0004283760594589854933033370264476542037809261988471513920402380018447	0.015753906725278936850799605153066777629756836674564288708109815664	0	0
2.790245684292473388559102288772649089044413622074648304422201461699546698136477188419239407836126335055985135790619469	-0.0004738211828053436174982033115980399222234324999570705191086424204676	0.017019160762219851509276722396741132298063437739707776679140672853	0	0
2.743400244392097127415838970368859988489919076213283553304303037129718472409254737653393766506204010812005686714880418	-0.000519217286752726419570440294471040065865864868527784993000798233336	0.018262829737246016476093964692945936992852674276365544414226546741	0	0
2.701095536327682528341072874518969139438404019187925457545103363743829987421286750352627284309414282297885568118399832	-0.0005642818920618450187453357592007247359900497577317467350541048026835	0.019480592086703509722551357150251600650559258684958681482342116775	0	0
2.662763129293488153604231283058399436992930522626166844373148855228045056157669157208371986869362388849297521451350901	-0.0006087788188840541013053617469257309181654876824326872145756789502702	0.020669109715245486364812965023016825294281513433696339210956714088	0	0
2.627920835257878713819136722911464945738490478423120592797785553662377856082533804895198323681181632896360461032193577	-0.000652514624475563803573879802384792044463632293095006763272517734571	0.021825890044286226908465726285980128388897420012083897698603759967	0	0
2.596157470699560747347036996088555976117937544409006294002748286852529068646076028099218990496826798711644874172299294	-0.0006953343881412814722518679913873824377707379270772823746409733783027	0.022949157867203105326132194192998567854732036448730202389710056821	0	0
2.56712066947572668299613203366692430173909203601742005305871947272197033489045367647149448782434930181215105731396593	-0.0007371172518497213106310805680031135561015715303970911884417395571	0.02403773946195139877500683440039075881988858090414644533513803346	0	0
2.540507068083801311189602045023569028478890146065376890985857672997375012800071509372513539481254078169201254939415869	-0.0007777719971941954603532986863820411613649845668965101062055757144	0.02509095986869526769035871042004535280521904137853135684236084402	0	0
2.516054349834940884357988223954217254841784123649580612387496942601687725472400293962382001867847200985748598063461804	-0.0008172328400599228509189807990736668743046503326435123445437103391	0.02610855324058334454767226500221841172270654642067886900926334552	0	0
2.493534756187339512504636749393724312153645730520793155593029289221214080134026505603100073986995043516646665150989818	-0.0008554555502757861478814786015430543485323387406808524616933790961	0.0270905855686025002058910483295364152139708205913666247853591966	0	0
2.47274976397725599562479178783688588478077555574636239245653597359684994950566062593856314444741216760086322558827859	-0.0008924139503491698886039220804575148397112018456361828993038365052	0.0280373887477719701781326452281741833617905933942512871377627606	0	0
2.453525695133366819401231575938521019651520038443820495960210424063365501449473170035143232747348339412863829107926825	-0.0009280968106924614514297668273373539961543670420101101390340724739	0.02894950480241787380764254752252788868150354561949698940640830411	0	0
2.435710076745166591762289109429242831116536866801397269828455859380934428708256032851356152622207900107741408039270891	-0.0009625051345841823283354578710405816113294428202921054820176948914	0.02982763905784567156973221091345388178323863064564244417913739672	0	0
2.419168608419963805255328630794388623385130297099607823131173463075871813454988611761605733629825446345590073248733786	-0.0009956498111475638125333071631723844962237477423906887030151262474	0.03067262108841612478621945017713611894286927919372550891226280677	0	0
2.403782623834430946646077838151828017468347770653210849101980881875053311959032024946911132496850153123281883357310801	-0.001027549606230087695032923770131728562562428777405314882876766634	0.03148537235620236320930011499011637958126845001329959369429573362	0	0
2.389446956540578430752620622951076854171131240282629880172478704183371147803266723887208670436744695501178194840457291	-0.0010582294571975035313080383432911904411720887707410814231979247771	0.03226687955893480983315703975455861865716952067009522627826807192	0	0
2.3760681380902547584014927244920072226050750453331373156266345968364367930095406461421060637442945297679794129170317	-0.001087719036800345330341138534454351674306704531869908906041351958	0.03301817281718293806430907171667091704106923011244099661986388634	0	0
2.36356287062924871452677401234696526828282642368830481350163889610547631423053223381374578540319818378206091518497103	-0.0011160515523298897017070134299289136066823500658429025570818317065	0.03374030794024549102656496699983320614578983691647394557320269686	0	0
2.351856727199309832631079964147188918208809780143121653388757200403392703759904179307845183417678153680350345846867641	-0.0011432627484746694294644634980441682358437885621450229461940940815	0.03443435211313890863856921860520928671702398107302428613065945966	0	0
2.340883041761887246790086191922686088978602324768800644597637247284421383290753285554194731441242723346364710155468933	-0.0011693900850804630177295316740667265827342315278162221951838433829	0.03510137244085881801787764157204951737667723954677141806355891294	0	0