14.634335370564022943048023398822267797042820863020318711411093088734505019239372645642402734368320307831395678872752178	-4.63867321464153598629717098194198719743137306768021662379863133607546404304428152087935067761535711780247982e-8	6.64756956406435544034767782621426968774923196431321820489480277446471529789646210599380307299605303485752097e-6	0	0
12.948277509587221716716084636710790799592173143028990947506325061734840774710666643709082901360920400632843620471014949	-8.791806713987153641513268039111706350139949895661831977646078827218216303483892281490762401727358362717907781e-8	0.00001074185943371418071742521421236085618717942356966596132385462421794300083811429593501919038275615204354319679	0	0
11.638594041672616310346359014481087357924516584974970854194453326677668709903328512713663312226918801070315853719524906	-1.523138246540487736883101886407463015240505159802357920126041121728613488781391756004576535333277330657560819e-7	0.000016304446083870252018431667402136450012737856570728491978154964415777732181878803737233582954043798852470311	0	0
10.601061530625929977449876449681554572712717567341893880941208241479765544864597246257591660385643721350988626767490587	-2.446570182692212525456759088615885501671895764375393229233177782668416311959713439822394348379877693428779431e-7	0.000023481357009493399183844177789773393864438906640048223742757170676874094541147033967112234300770389266273175	0	0
9.765185342796274982189623661613761703127772233023097650007403013212604796336199354578569931445592919234241451644225564	-3.685824276648801272328491002534424375726091564241740312115286303928146268910781183236909643095925533792539951e-7	0.00003234868712127449701350152663890740458731326173905772544769878263943771495457906690538639480968593178645008	0	0
9.081901221038542871562812110575564714400382935301509002115099234228820086568455413145898512928294503869837897657734848	-5.257345302629275427628008614817746444325861070794506435789382941266877607173932716783481610214642739323711438e-7	0.0000429121801106518130068494002117502830980910236421784817682278039427757512548677368831065185588006241797535	0	0
8.516207542928156772018952211043735831019135037798356592350949254656440715851185216791444777659553395049776217844483535	-7.155505590495012005805277920919704887479231082979517175286604866955248308760667655156133755076083828157203212e-7	0.000055113988984406119355409303266842853373851150161801323700429362543612544930123532526096307511582037633879	0	0
8.042591946007316442855966370397930045773416692443061436221496115006150765447955373121006915026063921633706170836712849	-9.35358772474367162545345859246474766259748901278623630042394424933693349187509984043961859216594680008605421e-7	0.00006884396812730530420459007448956329298136684178662318409477550744774032923993020347175285569724083649597	0	0
7.642103596150528709638922518963641700299747629685008140571230692901812954201486782227120038805614996254565011368748476	-1.180719496200075960699725936049012832695506158708423082740335614107500687725694465929356424019295019295754424e-6	0.0000839529876442238398836840210092931369418610644240742175336706166223526923047708414128738684000715146375	0	0
7.300427564447250558619049959722457502104662687354026286712309502465123962820302186911235795324780497480914953821618518	-1.445909860922728339089658152589086919748603342138848563571804888212918427192720253109515475074011047387965183e-6	0.00010026629707084503539219045990336645071429952417006761586303596263983522509207005726724264739894587865	0	0
7.006587649721207787278858382386242744652354000168882858672705024037257045728079637048038583834644280017984410851607822	-1.724456055940827383092292977585741161099263752601046189971963053160222890565135764064942799756854721495783531e-6	0.00011759562203116875236409093798729669119024631626749681415948318203273420605185495212104947436775553892	0	0
6.752053725477126986230759356117738593547538486495077763144154261774648155055069813432533649984613254195447146536335442	-2.009637404774164552320064593435207419212452587953675969574100825815471749649359905058219858537804646958020649e-6	0.000135749278960333124307070425682178923649690784410902159949627877625232802598178586815402850105822409	0	0
6.530115608458285943835607099742645566329068334207364985405048520565580247751549551025247859353789192144530308060944502	-2.2949133431909390447376328080112826543973240251613851688251283589335406976852852850494881231709150840802795e-6	0.0001545400587840149341298022168472692777471506635283770166205096417130917544073951192133148622206283377	0	0
6.335436237175504834875754365886983699349637488620265497308002997195019197482432178811713586449176433700737393047903275	-2.57424961529959093181379040629555107418852003535697778762915724463788317439053122539149637819159803396050674e-6	0.000173790944577593082116746236920889345736416487734448389494720620519514529246990504305552079827129515	0	0
6.163727788018338084527382787665058536324109644102002093947077274204965039795123492130839446519504352441016028154310595	-2.84233968980032171819004870611050384350371106115461583478941169774114257694789910474782497609433131285714339e-6	0.00019333891000150991330026126097075972519990125364011508834503163091451389076068624163237357313412557	0	0
6.011513538377593728797045634844386475905326013291587497290429286766078426308583638443818156236307667189261536556797012	-3.0947304487544196859413542571938207176009088819179628304705894185070355423844741225334111939785254222246474e-6	0.0002130371272783878396164043527759081170394642530112679251601058922746755748412782657736845743227206	0	0
5.875950480774788795022956544050746679810260025319012567777245081097660330309318930404466385876895151428787654464599483	-3.3278682704784411030555493105302145307483620832859649126759284787294866978032877594509214354102686979782933e-6	0.0002327559285439725458684977627058319452761224199831084769140868488095431914500407260884517363814546	0	0
5.754695600362962532106366599155969571828376629562404335700288164852747746760019717047890476547704558045431649632778872	-3.5390841305116843769783801155192144453162266914010652483109950079457435126876678811161237747184261175382963e-6	0.0002523828398219424413391870680885555960757665528317556917030806375109789616956698725959015492529802	0	0
5.645803951097367322967971373243083122365765628183011827884645704394813090994005580123862851607359279367311276993272387	-3.726535810786844458834413427586598954264018689390650298665318351855517933485950388136501170272017775115397e-6	0.0002718219625862820578284920829731644247423564137343949564829448474855153768655179683598548949041903	0	0
5.547650173423851697848568844285861594203599829467082432714779329441733454164366699489359564330137866772971922543611086	-3.889123050547698564479963292130594181774414969336683540560410098564312367606580904602490424653441437182888e-6	0.000290992927085479124422097491980493599840850474706193788873940411055614845478756401772752054478534	0	0
5.458867488468865606111137070054147241382358665399664157442782194122493857289099943853857262826559244941994093819187675	-4.02638847035059661742703657652773724022532933143844811457328049345923246433131612947479605838494950838035e-6	0.000309829592195958767161534009658957765059834906304592794416751612019468155980769267828358829988279	0	0
5.378299858558977596974639135587082316125610269574403756000413427501005630192459789462103525327460755923862971089359304	-4.1384139980464100788741306903472416305291900323020544242244381710493644027462997324871141456021525103205e-6	0.00032827862265615223465306086391346598727190822159287939432971561455512237167125323438243668915322	0	0
5.304964163926612558354780197038449938839227733957793642364871748752049615802128748685988105036411326844659570294373884	-4.22571969690164227257333398281314305283869773514469854698776000684963028977234369814315447642753594087739e-6	0.00034629803775165693233958909732777317537149604890212606003265621734274210102766292173498159761472	0	0
5.238020068686530535499597074893627412481836682480951129623121395702545391918760097795477193459854249599462686587112479	-4.2891695182294531016161719956482696555938403326414003443931010336287333661664169869862311821784216497145e-6	0.0003638557960472225460768474219408829264016293849696367321911066285389785294316023400167443505668	0	0
5.176745840117521823073791345123282420492274371169052529229681113761140716072805827120462958946714444948077623291950658	-4.3298866227472585694436731571460388274675649383851641475890356435224393908035360037195177383433248559471e-6	0.0003809284579764201467946317089544767035879074912377355223768907197464409400645482345707355674307	0	0
5.120518814065433036837361805427407331641535172022917745950788104960200843579250350310922641807510777119211699195555432	-4.3491795098728739270254362446669957184653540331241088847242914208611341654896854032003689793862272874947e-6	0.0003974999510417172338284416087365189265825256110098998667228043189657506734624385563574623114262	0	0
5.068799513539085437975108671920193380630078195044851369023269692870218108199568933188809699077383847634216070724078791	-4.348479198398893825908248287056007858592806442434845412204953206397836153757546916028762499725526394162e-6	0.000413560449999395000876427853827586621589264475080213528359660930776278954433690056866675073265	0	0
5.021118660071241027086354614647808290257779545877278509411921476907318462406498030947094501100295258786886842542901792	-4.329287038476084276454431186872998060142000614287799740528246838975249642704556600756258898249622158968e-6	0.000429105375717334589708452752903174752047225017579871141013088143631559932926211579584536576707	0	0
4.977066490963833226496460616702294087483772549238430554820232225586672694994582313938885447006746223250125148185899024	-4.293132327869015244278067044929260039521073544468181736658507117341088308096756811737047016993459882707e-6	0.00044413451053657790405080570057975488041820794582376120784750925013357452605853594335495126085	0	0
4.93628392616604017182535811377331051914184168342461259569275432754108518303524306273838796926314328367686876327043772	-4.24153868788008388362548231651467900701343132930581305435594287936205600079232942516519646763570149266e-6	0.00045865122422364755650096414448087703401243656936176918949290185635096656565314503355500048601	0	0
4.898455227637913578775653512059738305801846208090527789883773921660770392554339227055250054315205423925238937979723193	-4.1759980704974393655278713101219469598639884327577526648462775380210621362925191794208939715032970895e-6	0.00047266180239657542037394509209922199649808635170313279718417949516137974468886641948448254148	0	0
4.863301869802497687170536454534919775648878737402988966306851079790353987776223654345289036083923623613206000159499161	-4.09795127427784877905822762536807427247533397699061236131171462413077296449644791367209543243682632939e-6	0.00048617486819717517414434030233974595454040565661848108648498025196902178709671657241864076087	0	0
4.830577397999741114872103002290048662180230757100658143013897774820801184461702459744706415240089702919653276993307287	-4.0087739089541194016000749067168194624932201354095898227279844889517458103885663241069995236438134173e-6	0.00049920088762597263346195550466736169641855601494709368036685983171313977424969759556823427605	0	0
4.800063097043107334603804772686132364946600868405214564452865586852252087076674065540894767171539465790920748684777452	-3.9097668434790020263963283413950206604467259837517645032932597192509847553929437087759414069721496522e-6	0.00051175174910168165843274021991458161492836592730468012525982150164465621831917227515539914707	0	0
4.77156432722160886746298049085981623510940836388380266600720775331671220648244882081629947967035018336609883247680358	-3.802150282118653927378438019667916970647530959348907996063928250099082300670635730216124152610278028e-6	0.0005238404082697000446944505594962717293776179379720318057966139020120905095027104763141589851	0	0
4.744907412742049304635292824749837303579577525796870327347457565417393137821382351562782950583028362031983160250574491	-3.6870607267866600460107231498078699312633821183513786795386870338182919181147271452287049177985205469e-6	0.0005354805897318282456092382104968348130795136804742770111372686080292047903811810815695128523	0	0
4.719936989428588527519987293940709045127665904564044684677323908198871806156310762342611128232068749294008394354621429	-3.5655501937093374353530459538676120357234343360460889586871815743355474407708217843438790124883930263e-6	0.0005466865381099756344826303798024888117888493085095289143338827389482358854444426006105301466	0	0
4.696513735813342722287468653724337680023619467382314601270143308156632077471181089688118526853390036697199110758436356	-3.4385871543758736341611065131686645541788345130451116390854050238260001490559562262007996619199935301e-6	0.0005574728116271573175047545834593055834060622770124214997247267210240878036774180968698639951	0	0
4.674512425565202782673912153272114402948731614651363595458471756019181769169590340122284725361966667226378991268957305	-3.3070587622908799313479907069812241731757527117504354685455901746309356636766712817157201295713490813e-6	0.0005678541121482603309599445709140452376963090360832309553124224994359989758167944032756532328	0	0
4.653820250278465223814735286251812499390623203581861471079811211445767239097879647544415028676988990496344063425756147	-3.1717740074662787018946860260448590127308109268056227939084954784310857329511422620346230939156972058e-6	0.0005778451463449982449899493093311872706072429090450781236599609007918516137403995210307643641	0	0
4.634335370564022943048023398822267797042820863020318711411093088734505019239372645642402734368320307831395678872752178	-3.033467509933140113069844032500037915732742872667558790019976180457524769830322751200030802754180925e-6	0.0005874605133192244345871575381561626588205453047386616332490029159742850525752964530358801745	0	0